# Created by Octave 5.2.0, Tue May 31 10:13:16 2022 GMT <unknown@DESTROYER>
# name: center_optim
# type: scalar
1


# name: param_list
# type: matrix
# rows: 45
# columns: 28
 407.92241223315278 409.06844462626719 411.01510060652254 413.24233430545905 415.3038087894052 416.96822219193336 418.19491705618697 419.0404778561134 419.59181873217716 419.93394358670201 420.1364690006954 420.25099104136012 420.31305681536043 420.34544626202688 420.36178226028528 420.36976028832669 420.37353643897387 420.37527023503588 420.37604344098406 420.37637890935372 420.37652077353465 420.37657935990455 420.37660303269058 420.3766124087656 420.37661605507316 420.3766174496356 420.37661797493877 420.37661817008745
 407.92241223315278 408.77483567755729 410.21403383106127 411.84257250576565 413.33095333726288 414.52233757950921 415.40152773761059 416.01579043554011 416.42569274647758 416.687070307422 416.8458246783473 416.93748620748681 416.98792169276771 417.01450987671484 417.02800423282338 417.03461815329518 417.03775458426759 417.03919598930418 417.03983906770327 417.04011812613766 417.04023614318913 417.04028488239521 417.04030457641272 417.04031237663355 417.04031541010073 417.04031657027735 417.04031700729183 417.04031716964147
 319.5 318.53732752384161 316.87177792008788 314.90311894354846 313.02607160350152 311.51692876486163 310.48406289584733 309.88694130914149 309.60278157583161 309.49946426277592 309.47929432465452 309.48724831364109 309.49945817127315 309.50864791758198 309.51416442488596 309.51710099110807 309.51854986215034 309.51922784570326 309.51953266608325 309.51966534719327 309.51972152375464 309.51974473305802 309.51975411245905 309.51975782751703 309.51975927230438 309.51975982487625 309.51976003302025 309.5197601103452
 239.5 238.05505984545024 235.57584997095654 232.68038313354538 229.91954878393759 227.61184269588179 225.85281472128023 224.60526759831322 223.77347568818158 223.24834976461895 222.9329525878631 222.75216438117613 222.65292854161589 222.60057747300041 222.57395912378925 222.56088979473097 222.55468409958556 222.55182984996014 222.55055585943171 222.55000289498645 222.54976901482925 222.5496724214936 222.54963339036354 222.54961793117479 222.54961191915592 222.54960961980703 222.54960875368684 222.54960843192529
 0 0 0 0 0 0 0 0 0 0 0 0 0 0 0 0 0 0 0 0 0 0 0 0 0 0 0 0
 0 0.0065790505520287486 0.018643357355275496 0.034653630709890457 0.052657666118090807 0.070361476764844638 0.085632079381361234 0.097225264478243284 0.10506893103735021 0.10990052724571742 0.11267924945386487 0.11420422351573559 0.1150137329365859 0.11543153855272582 0.11564125014322228 0.11574349061217123 0.11579186230642063 0.1158140722972056 0.11582397821621247 0.11582827646812149 0.11583009423132393 0.11583084494317729 0.11583114828438913 0.11583126842924077 0.11583131515307921 0.11583133302299536 0.11583133975425254 0.11583134225489125
 0 -0.0054773327725852255 -0.019824492120944826 -0.050374535947277838 -0.10271727751600641 -0.17355465285444072 -0.24999816144732392 -0.31754034459682995 -0.36815191247215973 -0.40158675950302364 -0.4217869787714088 -0.43327051667656513 -0.43951876356222291 -0.44279690490887763 -0.44445903346305399 -0.44527404522622938 -0.44566080897684324 -0.44583865355368424 -0.44591802662065089 -0.44595247658384018 -0.44596704725098379 -0.44597306496125888 -0.44597549657460461 -0.44597645967099153 -0.44597683421555606 -0.44597697746323617 -0.44597703142191292 -0.44597705146735661
 0 -0.00022303151918054751 -0.00068024050385958289 -0.0013780870740242633 -0.0022459689266445589 -0.0031443471735761006 -0.0039375139553515957 -0.0045518662087010971 -0.0049816713127531498 -0.0052602999805080528 -0.0054305598477698948 -0.0055295281752232306 -0.0055845259934929788 -0.0056138417795398672 -0.0056288658763764881 -0.0056362826956581746 -0.0056398163306016109 -0.0056414447076135448 -0.0056421722538597553 -0.0056424881881437438 -0.0056426218423221491 -0.0056426770465529416 -0.0056426993539913876 -0.0056427081894662679 -0.005642711625560042 -0.0056427129397250723 -0.0056427134347457886 -0.0056427136186448495
 0 -0.00038972624705617154 -0.0011115365349043658 -0.0020660329691102363 -0.003091560529309781 -0.0039992952752512089 -0.0046558726126168758 -0.0050369341897021644 -0.0052055134131262339 -0.0052509971710042805 -0.0052439190315960484 -0.0052236773550682408 -0.0052060294632582278 -0.005194419178083832 -0.0051878059836645571 -0.0051843659346187945 -0.0051826859756618016 -0.0051819032975494329 -0.0051815520232410947 -0.0051813992203444403 -0.0051813345381984139 -0.0051813078165213492 -0.005181297017866896 -0.0051812927406759603 -0.0051812910772761076 -0.0051812904410928739 -0.0051812902014547026 -0.0051812901124296132
 0 0 0 0 0 0 0 0 0 0 0 0 0 0 0 0 0 0 0 0 0 0 0 0 0 0 0 0
 0 0 0 0 0 0 0 0 0 0 0 0 0 0 0 0 0 0 0 0 0 0 0 0 0 0 0 0
 0 0 0 0 0 0 0 0 0 0 0 0 0 0 0 0 0 0 0 0 0 0 0 0 0 0 0 0
 0 0 0 0 0 0 0 0 0 0 0 0 0 0 0 0 0 0 0 0 0 0 0 0 0 0 0 0
 0 0 0 0 0 0 0 0 0 0 0 0 0 0 0 0 0 0 0 0 0 0 0 0 0 0 0 0
 0 0 0 0 0 0 0 0 0 0 0 0 0 0 0 0 0 0 0 0 0 0 0 0 0 0 0 0
 1.868261291981941 1.8678393701694651 1.8671180077743763 1.866273321239776 1.8654441295592035 1.8646976939916902 1.8640569203607045 1.8635322460486505 1.8631278511101428 1.8628373441743178 1.8626436208101194 1.8625235091068404 1.8624538367983123 1.8624157183059578 1.8623958967862899 1.862386038636465 1.8623813255232851 1.8623791504130054 1.8623781780428985 1.862377755713978 1.8623775770401243 1.8623775032400747 1.8623774734182035 1.8623774616064326 1.8623774570128666 1.8623774552560157 1.8623774545942442 1.862377454348398
 2.2636963968829233 2.2638306716928152 2.2640495280943025 2.2642761724865785 2.2644066987080094 2.2643398912979236 2.2640441727567153 2.263585896534853 2.2630826773032777 2.2626362972885987 2.2622979496879831 2.2620712249468107 2.2619334835146958 2.2618560951680045 2.2618152684005133 2.2617948142553992 2.2617850016858818 2.2617804664821453 2.2617784378693297 2.2617775565995566 2.261777183737026 2.2617770297254531 2.2617769674905328 2.261776942840644 2.2617769332543629 2.2617769295880037 2.2617769282069564 2.261776927693901
 -0.52495526777513979 -0.52968764528885504 -0.53777737493141176 -0.54722529659136721 -0.55620392016447151 -0.56356715919024369 -0.568926312957443 -0.57244439894575194 -0.57455753197665893 -0.575739228590188 -0.57636634273322573 -0.57668782356836745 -0.57684922695195351 -0.57692917772909369 -0.57696826258777678 -0.5769870386198459 -0.57699585758468863 -0.57699989391715389 -0.57700169189142592 -0.57700247169133301 -0.57700280142551463 -0.57700293759517096 -0.57700299261672228 -0.57700301440911828 -0.57700302288407712 -0.57700302612539789 -0.57700302734633924 -0.5770030277999153
 -75.174299128308078 -74.075612159574376 -72.174941481834111 -69.927648243693795 -67.783986114097388 -66.060200668139245 -64.880979561103587 -64.20023873328887 -63.877344142482734 -63.760916035332826 -63.73910544952804 -63.749020755532818 -63.763473418879151 -63.774255289911736 -63.780707056152785 -63.784136857408633 -63.785828084027557 -63.78661927515838 -63.786974957256234 -63.787129771375625 -63.787195318092273 -63.787222398556949 -63.787233342368431 -63.787237677067566 -63.787239362833446 -63.787240007569743 -63.787240250430415 -63.787240340652517
 -130.64418961781797 -129.07291102482543 -126.37023163245681 -123.20034975954226 -120.16204245550529 -117.60861987994075 -115.65249976355693 -114.2590971515987 -113.32658657511551 -112.73600453509796 -112.3803541685734 -112.17606007053637 -112.06374102434056 -112.00442005879282 -111.97423494400489 -111.95940750774989 -111.95236517173286 -111.94912567499716 -111.94767963458311 -111.94705197490293 -111.94678649864794 -111.94667685550262 -111.94663255117403 -111.94661500340263 -111.94660817914094 -111.94660556914258 -111.94660458600677 -111.94660422077423
 466.01917893668241 467.68557477514929 470.51977521359845 473.78345059188638 476.83445626030937 479.32068422833112 481.16006525473136 482.42327342283193 483.2385905588057 483.73760680384595 484.02900349650292 484.19202592864826 484.27977172411818 484.32539378056504 484.34836564149737 484.35957779443402 484.36488405619923 484.36732047202082 484.36840708167949 484.36887854545154 484.36907792459488 484.36916026411774 484.36919353490606 484.369206712481 484.3692118371759 484.36921379716011 484.36921453544659 484.36921480971802
 2.3544197264422508 2.3541447682299017 2.3536794586864769 2.3531600159723083 2.3526834406894972 2.3522641913156663 2.3518760799310678 2.3515095898312146 2.3511822124422852 2.3509171331915573 2.3507245893094622 2.3505982784297474 2.3505223834016342 2.3504799792662849 2.3504576638881853 2.350446493354041 2.350441135140918 2.3504386584156527 2.3504375504331159 2.3504370690637377 2.3504368653889083 2.3504367812589835 2.350436747262453 2.3504367337971361 2.3504367285605037 2.3504367265577062 2.350436725803291 2.3504367255230276
 1.7887859999488727 1.7886815453894545 1.7884820559786101 1.7882263873107405 1.7879352449453116 1.7875827077919322 1.7871434700444966 1.7866452962049468 1.7861573361333225 1.7857446555646468 1.7854386329635166 1.7852358296910318 1.7851133647096638 1.7850447901997193 1.7850086775871163 1.784990600830676 1.7849819320289475 1.7849779260300971 1.7849761342162773 1.7849753558260477 1.7849750264921285 1.7849748904600873 1.784974835490539 1.7849748137183008 1.7849748052511303 1.7849748020127851 1.7849748007929627 1.7849748003398014
 -0.46907641396875038 -0.47482283648273099 -0.48465775636056213 -0.4961856247017114 -0.50717336011033864 -0.51616354600531278 -0.52263082801560479 -0.52677742783234072 -0.52917839010548995 -0.53045603345268777 -0.53109460974581557 -0.53140156850306119 -0.53154663961227877 -0.5316150623369309 -0.53164738946647527 -0.53166260299970614 -0.53166967101751939 -0.53167288914227284 -0.53167431940698751 -0.53167493916795849 -0.53167520114347588 -0.531675309318694 -0.53167535302706148 -0.5316753703384558 -0.53167537707075141 -0.53167537964557887 -0.53167538061546094 -0.53167538097576961
 -205.64820560056964 -203.7022804547008 -200.33616889159327 -196.35608313081417 -192.55856893917314 -189.50265842698877 -187.40881371327475 -186.19618317226693 -185.61708523945455 -185.40461966400977 -185.36128386577647 -185.37569658255541 -185.3993810284 -185.41740214147103 -185.4282621178919 -185.4340528650211 -185.43691213718415 -185.43825055736139 -185.43885239594084 -185.43911437714047 -185.43922530112783 -185.43927112962692 -185.43928964999719 -185.43929698567854 -185.4392998385282 -185.4393009296262 -185.43930134062339 -185.43930149330777
 -109.69393914955876 -106.88307894384347 -102.04952588391252 -96.385059691359345 -90.963315658246188 -86.415352086253975 -82.938538882638397 -80.466954252458422 -78.815910296826985 -77.771882689829738 -77.143957066542384 -76.783616127422221 -76.585649723043787 -76.48114883656821 -76.427992494550082 -76.401886705666939 -76.389489160252722 -76.38378660626546 -76.381241187852126 -76.38013635359809 -76.379669053175405 -76.379476055950661 -76.379398070170879 -76.379367182075853 -76.379355169813735 -76.379350575619526 -76.379348845075555 -76.379348202182669
 808.04478257784535 810.8260326578943 815.54932845622943 820.97887216339836 826.04363410945018 830.15729907579714 833.18421556647513 835.24575109802538 836.56154309078806 837.35639091891437 837.8143142797087 838.06735174171604 838.20216944833533 838.27174103659229 838.30659774285471 838.32355985000765 838.33157422206159 838.33525107013872 838.33689027080607 838.33760137828028 838.33790208123958 838.33802626229749 838.33807643946955 838.33809631310226 838.33810404185328 838.33810699778155 838.3381081112193 838.33810852485817
 1.1092691435137829 1.108697198446116 1.1077056728957135 1.1065358811290951 1.1053976756740904 1.1044054378912638 1.1035967911245537 1.1029737752854594 1.1025213253314285 1.1022126362968057 1.102015033916625 1.1018961850867355 1.1018287141632475 1.1017923332750723 1.1017735903827486 1.1017643205077952 1.1017599024472735 1.1017578668075991 1.1017569574965227 1.1017565626926469 1.1017563956873411 1.1017563267105526 1.1017562988382159 1.1017562877986755 1.1017562835054338 1.1017562818634448 1.1017562812449402 1.1017562810151664
 2.7244475908755743 2.7248902514500704 2.725612959693827 2.7264075866010802 2.7270626600960011 2.7274152708062944 2.7274192267303383 2.7271579137284219 2.7267771320691536 2.7264041123955369 2.7261084320219258 2.7259058039783097 2.7257812606436893 2.7257108719197114 2.7256736331206159 2.7256549542206652 2.7256459894844265 2.7256418456804514 2.7256399921293748 2.7256391869206755 2.7256388462428673 2.7256387055259412 2.7256386486633795 2.7256386261413765 2.7256386173826233 2.7256386140327571 2.7256386127709296 2.7256386123021614
 -0.17048610073462245 -0.17273659902044691 -0.17657613649634366 -0.18111072004963205 -0.18552787113574229 -0.18927444162197868 -0.19210671749628458 -0.19404595977400657 -0.19527053455883192 -0.1959980510939977 -0.19641149883926709 -0.19663866201271324 -0.1967599801525802 -0.19682304349052959 -0.19685490995185984 -0.19687053071377833 -0.19687794979377485 -0.19688136449383445 -0.19688288951665406 -0.19688355166999469 -0.19688383178123103 -0.196883947476888 -0.19688399422815395 -0.19688401274526152 -0.19688401994651161 -0.196884022700693 -0.19688402373814101 -0.19688402412354797
 2.400095477844562 3.6047599531858174 5.6872342611413469 8.14626777238683 10.488576572583606 12.370094797422798 13.656715966759084 14.399837166899799 14.752991382176985 14.881011402773177 14.905650851328863 14.895427497352207 14.880028130096409 14.868473548646834 14.861544713196553 14.857857849634671 14.856039083599253 14.855188061399081 14.854805449999152 14.854638908965857 14.854568396280184 14.854539264003114 14.854527490990886 14.854522827853954 14.85452101435826 14.854520320770551 14.854520059508392 14.854519962450201
 -160.68625965296562 -158.95507127993611 -155.97882437594515 -152.49159278399739 -149.15351971792222 -146.35252638421144 -144.2105622696391 -142.68775733822872 -141.67068912682043 -141.02777212952026 -140.6412350881331 -140.41948342708537 -140.29767982481945 -140.23338977264279 -140.20068879725878 -140.18462906389078 -140.17700232876678 -140.17349420477078 -140.17192829496611 -140.17124861274891 -140.17096113412384 -140.17084240405663 -140.17079442793121 -140.17077542586145 -140.17076803602887 -140.17076520972299 -140.17076414510842 -140.17076374960658
 506.76634400347763 508.33135301337285 510.98583297613879 514.03358467665817 516.88101580680257 519.21393738427662 520.96484223730647 522.19568870363651 523.01398143968368 523.53091803556606 523.84181519065805 524.02006669534785 524.11779942287581 524.16926274402056 524.19538211187148 524.20818826809545 524.21426323283367 524.21705577216767 524.21830183599536 524.21884259670423 524.219071299245 524.21916575140756 524.21920391689014 524.21921903315422 524.21922491180101 524.2192271601408 524.21922800704544 524.21922832166786
 -1.9872908167259218 -1.9863607882456726 -1.9847433891881143 -1.9828236505451533 -1.9810255067918912 -1.9796923411807199 -1.9789722197745934 -1.9787913450902908 -1.9789452227784325 -1.9792251437527815 -1.9794940597317787 -1.9796953579034773 -1.9798249135601831 -1.9798999872538368 -1.979940242507634 -1.9799605759938161 -1.9799703684204382 -1.9799749019847368 -1.9799769312559463 -1.9799778130379153 -1.9799781861502974 -1.979978340269503 -1.9799784025484681 -1.9799784272158667 -1.9799784368089672 -1.9799784404779335 -1.9799784418599642 -1.9799784423733851
 -1.9328004512995549 -1.9304518126403343 -1.92641069404126 -1.9216798374909343 -1.9171884014939433 -1.9135121287730672 -1.9108396693368523 -1.9090872949549202 -1.9080380835422681 -1.9074555011688277 -1.9071499187857559 -1.9069956645146977 -1.9069195260282614 -1.9068824038879904 -1.9068644829657468 -1.9068559479517697 -1.9068519601104519 -1.9068501401590727 -1.9068493306253409 -1.9068489797515107 -1.9068488314270786 -1.9068487701803307 -1.9068487454335266 -1.9068487356321766 -1.9068487318204939 -1.9068487303626838 -1.9068487298135561 -1.906848729609556
 1.078144141998451 1.084366269461601 1.0949868519939157 1.1073395985502321 1.1190366812267041 1.1286410731021732 1.1356994742708659 1.1404259467568525 1.1433508943493824 1.1450497881106743 1.1459900728575043 1.1464921224063829 1.1467529735124868 1.146885453970133 1.1469512473346699 1.1469831293395252 1.1469981673660321 1.1470050626725798 1.1470081363493547 1.1470094697643665 1.1470100336354407 1.1470102665012509 1.1470103605949864 1.1470103978627668 1.1470104123560343 1.1470104178991078 1.1470104199870765 1.1470104207627498
 -98.63727695131989 -97.093159922402933 -94.426912773279213 -91.282797900216906 -88.291244272969237 -85.888767320561413 -84.243606080376736 -83.289407222434932 -82.831461759607649 -82.661146064463423 -82.624207600970408 -82.633484245490777 -82.65081963437791 -82.664258024772209 -82.672410407127799 -82.676770126024323 -82.678925711215157 -82.679935357975836 -82.680389481383258 -82.680587183951872 -82.680670895709426 -82.680705481962406 -82.680719459154545 -82.680724995351355 -82.680727148381976 -82.68072797182792 -82.680728282005461 -82.680728397235569
 -175.58101924147525 -173.39339267159792 -169.63608302343627 -165.23926177184728 -161.03633820885369 -157.51417442049225 -154.82334093644636 -152.91139849155579 -151.63467638029545 -150.82759294860412 -150.34229171262066 -150.06384544916784 -149.91088888406154 -149.83015359364623 -149.78908806101663 -149.7689208346099 -149.75934366078422 -149.75493844906543 -149.7529721284873 -149.75211865275671 -149.75175766729342 -149.7516085787116 -149.75154833542621 -149.75152447466365 -149.75151519530459 -149.75151164633292 -149.75151030950414 -149.75150981287541
 624.16767318209054 626.11769454485079 629.42546255997729 633.22796520360748 636.78186116149141 639.68008544559871 641.82593020251284 643.29990855257267 644.25103266892836 644.83301056329992 645.17284262523549 645.36301153784279 645.46541581107192 645.51868798368514 645.54552542836313 645.5586295599195 645.5648329359218 645.56768175042703 645.56895240166148 645.56950374338498 645.56973690716109 645.56983319984533 645.56987210878333 645.56988751947915 645.56989351262564 645.56989580475692 645.56989666815673 645.56989698890709
 1.9562344246274317 1.9561387531202821 1.955978809176836 1.9557868613242611 1.9555706729966265 1.9553209922049948 1.9550387935129705 1.9547477012974404 1.9544817813946056 1.954266974172765 1.9541121039020064 1.9540110895625116 1.9539505787792231 1.9539168112314806 1.9538990469725537 1.9538901547883796 1.953885889148812 1.953883917302043 1.9538830351351735 1.9538826518607095 1.9538824896886422 1.9538824227013034 1.9538823956319185 1.9538823849102833 1.9538823807406609 1.9538823791459501 1.9538823785452537 1.9538823783220964
 2.2973917099712957 2.2976926221144458 2.2981937520737059 2.2987373573433532 2.2991544350453861 2.2993177540705099 2.2991964668894047 2.2988650463339257 2.2984496793650737 2.2980607967426567 2.2977579165355899 2.2975518411392604 2.2974255043498681 2.2973541322696596 2.2973163554017351 2.2972973933189147 2.2972882870797253 2.2972840760691491 2.2972821919795869 2.2972813733974311 2.2972810270406612 2.2972808839745409 2.2972808261621767 2.297280803263908 2.2972807943588194 2.2972807909529878 2.2972807896700767 2.2972807891934779
 -0.41441071073843161 -0.41939975300380222 -0.42790683785149808 -0.43783837935795616 -0.44728768620575987 -0.45504332636305156 -0.46068011973651585 -0.46436367689786651 -0.46655961692602155 -0.46777580109596639 -0.46841435836373174 -0.46873829501919101 -0.46889945664553445 -0.46897873558171749 -0.46901731432078198 -0.46903579801598233 -0.46904446785988846 -0.46904843346107483 -0.46905019946993765 -0.46905096533140966 -0.46905128916106997 -0.46905142289099766 -0.46905147692659238 -0.46905149832846865 -0.46905150665155426 -0.46905150983479177 -0.4690515110338519 -0.46905151147930046
 -87.261203605211392 -86.261239297540286 -84.531674987466928 -82.486831503009981 -80.536260774070101 -78.967806755491964 -77.895139899318735 -77.27637480735936 -76.983378609811581 -76.878198062985533 -76.858939657808321 -76.868358282818321 -76.881750847149291 -76.891697812808459 -76.897640567104688 -76.900797668612199 -76.902353979130126 -76.903081965988079 -76.903409218952703 -76.903551656562513 -76.903611962843669 -76.90363687819071 -76.903646947025365 -76.903650935157103 -76.903652486142761 -76.903653079331164 -76.903653302774615 -76.903653385783301
 -146.04146033748685 -144.62238548697141 -142.18149990770539 -139.31792731854853 -136.57211438758935 -134.26379129215229 -132.49537199703482 -131.23597236389045 -130.39345616922816 -129.86006579340358 -129.5389465669931 -129.35452115074406 -129.25313578991504 -129.19959189170243 -129.1723468424274 -129.15896364053478 -129.15260722758316 -129.14968324638994 -129.14837804142164 -129.14781151092839 -129.14757188977543 -129.14747292488374 -129.14743293538939 -129.14741709660825 -129.14741093696622 -129.14740858115744 -129.14740769376988 -129.14740736410758
 419.96241926444054 421.56129334689365 424.27831875242151 427.40810205902818 430.33657272897688 432.72295802050314 434.48456458481411 435.68875544649984 436.46116542169648 436.93083025129408 437.20348045866979 437.35530899383394 437.43676190805928 437.4790239816204 437.50027899792804 437.51064710669868 437.51555266013185 437.51780487132612 437.51880929873016 437.5192451021756 437.51942940079397 437.51950551243493 437.51953626675214 437.5195484476306 437.51955318471551 437.51955499645516 437.51955567890064 437.51955593242735


# name: active_images
# type: matrix
# rows: 1
# columns: 5
 1 1 1 1 1


# name: ind_active
# type: lazy_index
# name: index_value
# type: matrix
# rows: 1
# columns: 5
 1 2 3 4 5




# name: est_alpha
# type: scalar
0


# name: est_dist
# type: matrix
# rows: 5
# columns: 1
 1
 1
 1
 1
 0


# name: est_aspect_ratio
# type: scalar
1


# name: est_fc
# type: matrix
# rows: 2
# columns: 1
 1
 1


# name: fc
# type: matrix
# rows: 2
# columns: 1
 420.37661817008745
 417.04031716964147


# name: kc
# type: matrix
# rows: 5
# columns: 1
 0.11583134225489125
 -0.44597705146735661
 -0.0056427136186448495
 -0.0051812901124296132
 0


# name: cc
# type: matrix
# rows: 2
# columns: 1
 309.5197601103452
 222.54960843192529


# name: alpha_c
# type: scalar
0


# name: fc_error
# type: matrix
# rows: 2
# columns: 1
 15.573377273949538
 14.407329031299863


# name: kc_error
# type: matrix
# rows: 5
# columns: 1
 0.07965571629523964
 0.63078121741346849
 0.0071034873568246127
 0.0062409987592783635
 0


# name: cc_error
# type: matrix
# rows: 2
# columns: 1
 6.6215172960239936
 11.097866233656987


# name: alpha_c_error
# type: scalar
0


# name: err_std
# type: matrix
# rows: 2
# columns: 1
 0.18742051537277124
 0.22158177693592507


# name: ex
# type: matrix
# rows: 2
# columns: 240
 0.1713077283613984 0.073543569390267294 0.016445426637744731 0.1237403536120496 0.084116898659203798 -0.18605355992912109 -0.072988337038339068 -0.17430669153588951 0.0087130542513023101 0.062291244158473091 0.078827674927879343 0.19716389101682807 0.020869298641116529 0.036864364378288883 0.17200885805885946 -0.083564648822346044 -0.078793549064471335 0.084585683936040823 0.028285714650905902 0.036050316925638981 0.064548620034884152 -0.12309254165120365 0.0085360922554400531 -0.1520349677178956 0.076197304513584641 0.091539880433799681 0.06031000014155552 0.14622492966537948 -0.1494559671603497 -0.039287510248357194 0.091925646903746383 -0.10219965757693217 -0.28292503179500272 -0.044803457616580999 0.042224833650948312 -0.059477297569401344 -0.19192708655225488 -0.062044575256976486 -0.086018323295178334 0.3392015986290744 -0.37787573307181788 0.12705787986126893 0.011983071059830763 0.077840106015656829 -0.0058376377689626224 0.0093866553825137089 -0.28638608132936838 0.22665506247716394 -0.034204420876676522 -0.096919220182485333 -0.15428898756340459 -0.23822792242276591 -0.22176582098171593 -0.07606316264070756 -0.12182538279404298 0.0024592643966911965 0.18552940144775221 0.069026841928518934 0.0036886532534481375 -0.096182063839364673 0.19665108687325983 0.1632605237689404 0.1267613375723613 -0.0012540311965949513 0.11005063824552508 0.014146074651591789 0.094997470951341256 -0.00075138561732046583 0.12154007214809326 0.11182537964197081 -0.04758913663590647 -0.020607424926140538 0.22235983146228477 0.0026024768675938503 -0.093377491661044587 0.22120786044973784 -0.10173086896975292 0.0008760038186892416 0.24584891856085278 -0.065705941869737217 -0.11487301479476741 -0.057070674003284694 0.12094775990843232 0.00060820863595267838 -0.13854101765352311 -0.075145826789508874 -0.061505901777280769 0.084721112283233424 -0.2706721723664316 0.046927862969880607 -0.062810164435148863 0.23564645318310795 -0.013751784231146758 0.015998933603555088 -0.24932600026286877 0.021048120720024599 0.1957171040302228 0.082563223428223864 0.19466916001334766 0.2142889352882662 0.098617352480516729 0.047857908746038902 0.034624611037202158 -0.086074400315794719 -0.23543854447729018 -0.078621699730206274 -0.073370706683761 0.068273854760832364 -0.12232880773399302 0.016698708134185836 -0.11830883697757599 -0.021670221317208416 -0.084331096552034523 -0.1221521429553718 -0.13198419321366828 -0.062263329033442005 -0.1243440166629739 0.081189614048753356 0.045108950902374545 -0.048970172517101673 -0.070701079908985776 0.10000469133041179 0.045552338947288717 -0.11443855557615734 -0.090620498205510103 0.14909259235724903 -0.022230868150302285 -0.033469805385522022 0.031052095464929153 0.069566365151104037 -0.051606268240902864 0.073619351406080114 -0.13424234901538057 0.047687481716195634 -0.071061808991203179 0.09563114913854065 0.071602144994017181 0.11288268022730108 -0.027081450627349568 -0.032447670684859986 -0.051614774306045774 0.074263246994405563 -0.070756873162736156 0.12976480429230719 -0.043989514302950283 -0.26399582448306091 -0.172596012689894 -0.20716313980790346 -0.63868771353429565 -0.53706357577095787 -0.21169488935157688 -0.10719398753712994 0.27924522276344987 0.27874258095886262 0.33886869166695988 -0.062943549846579572 0.19830620523919151 0.40460713627334144 0.60012966001113455 0.3482947021881273 -0.033867324029415613 0.30016821502914581 0.34526850887112914 0.54684214930472308 0.31080447071167328 -0.0014422335282233689 -0.090294177832049627 -0.18769725523628722 0.066626865796308721 -0.19792671242822735 -0.17635719412550088 0.33867628213789658 -0.19585960819165393 -0.10781419879822352 0.38568576712094682 -0.55967106080908025 -0.32245904992089436 -0.2729833129352528 0.15077884442735012 0.12885358732512486 -0.20877494095049087 0.024356259164278526 -0.50042307209562864 0.38035633691751514 -0.71345326819619004 0.1971205738370827 -0.001394395974358531 0.25777905362994602 0.14874533790148803 -0.031106297544738482 -0.39849091481590904 0.20544734471977222 -0.013518098213808116 -0.04938814566878591 0.18524657568167413 -0.11659236033131037 -0.0097796909318503822 -0.19712064609257141 -0.11063512028249534 0.03389029423641432 0.096444911405114908 0.090896726149253482 -0.038807510141396051 -0.04096362331159753 -0.011058908202528528 0.073299243986753027 0.016277227932619098 -0.0050908104406630628 0.11391151675445599 0.060566188519828756 -0.015013147495437806 0.1633798169660281 -0.024361288063403208 0.034924476469882393 -0.085580917312483962 -0.2456430802695877 0.0068692439861024468 -0.05231853335192227 -0.11730521438335018 0.034034145462783272 -0.086993305740406868 -0.054244517482629817 0.3007365533235884 -0.21708942962192168 -0.22305547277693449 -0.10612846022905842 0.14896403017743864 -0.032685725649685082 -0.2549865652079859 -0.071617866048825363 -0.22654746963090133 0.51988812811043772 -0.44059209609443428 0.21473314020761336 0.1413144363593517 0.27778844998363184 0.031456960254359956 0.16631669028578244 -0.29431792701006998 0.42602483582396644
 -0.10910973410497604 -0.090936396736907454 -0.43942301387755833 -0.47957723736942626 -0.30094567217508938 -0.46114766344197733 -0.19715921145103721 0.063365340897576061 0.46202669982514522 0.19563678113098604 0.3372369955605734 0.085766555968518787 0.41061692502233882 0.27815817038265322 0.14667283725162861 0.20808153604718882 0.1229857930022149 0.16082963810100637 0.24568267164801227 0.36947282594232433 0.26894105516029754 0.016469062689225211 -0.038004448749802577 -0.090885690615152726 0.30318428227536742 -0.50410726028007957 -0.27981068938106546 0.10404432911019512 0.022612273162167185 -0.22155272971099293 0.22956678368302619 -0.45265984303011919 0.028606290251588007 -0.2935934162305216 -0.081844316217285495 -0.0064905009819540282 -0.056985547528256575 -0.31497777406218574 -0.13132396651241152 0.16701388891391389 -0.52145332375795306 0.15933092874564636 0.27507942270190711 0.13294556004066749 0.28054413308245785 0.14487599349567404 -0.19215444650330937 0.095130499995661921 -0.18935750326787115 -0.047494736697672124 -0.12908186170011504 -0.22335816147852938 -0.21667673113583419 -0.11591734487444683 -0.031200658898541178 0.024447418576812652 0.18600555177684441 0.14557097352610526 0.14703946929765266 0.028356789710670682 0.12451727433972337 0.051875431660960203 0.20561517700735976 0.17933296706809188 0.11715620829141926 0.081098650377441572 0.098902893748459064 0.057765972179623759 0.051132377942963103 0.012679022966153752 -0.068373427305914447 -0.02009339548698108 0.12938715776735421 -0.094583554918841628 -0.14872659969927327 0.13380806830616621 -0.0095354750375236108 -0.16354072385081508 -0.047460836902075698 -0.10143026770771257 -0.030855951054121533 -0.20656439372442037 0.0411694058559533 -0.063880323358688429 -0.057266308010412104 -0.052992201371978354 -0.024914177094956358 0.13425057514501759 -0.24420340347020897 0.045689301002397542 0.097221152701052915 0.18930301488393297 0.12748095157434136 -0.14534829806257221 0.023039837914382133 -0.0049642910658462824 0.030554900858732026 -0.12175476033948485 -0.070496369753982435 -0.12170854614365112 -0.11169463483952313 -0.13493411379585041 -0.032352362600533979 0.06727862275863572 0.26711305513555317 0.16326669484706713 0.038974803401032432 -0.10467558038848779 0.018912606528431297 0.031609929982437279 0.033379910893529541 0.013292500341208324 0.19078224768867358 0.1513400892174559 0.18717733796648872 -0.036610785640334598 0.069759474770592078 -0.063632849101651345 -0.10123569547357647 -0.0082933822889685871 0.26250159175955901 -0.14008280594063649 -0.086397133733072451 0.065242735637895066 -0.01436988111510118 -0.12432365104950804 0.16014577348252601 -0.029722872078650653 -0.13893321013546256 -0.19366725667390483 -0.1044973818366941 -0.17216849215341767 -0.11794479144748493 -0.06411721047248875 -0.065847982637279756 0.16504234018449893 -0.34091962648001584 0.14907300377107902 0.08749870054620601 0.17690727963781683 0.11927482467632444 -0.068262779910895688 -0.101967524876585 0.22317494345642785 -0.35985132501856754 -0.26129258871632999 -0.46260838347947697 -0.51707240440586588 -0.4667237717203534 -0.37384986504983431 -0.075180300446731962 0.17811797773987337 0.45381906040474007 0.36292393531915934 0.2622500057409809 -0.097134856006192649 0.31281345380227776 0.51719735603717254 0.43346860072674076 0.59795762654741225 0.18610103164003533 0.20660653388149797 0.20105488600248123 0.10754426518369087 0.25627321610286913 -0.098599299970146603 -0.17122592631861266 -0.01366401563646491 0.33563844921039276 -0.29460563275679874 -0.19049559242353098 0.22679941531626469 -0.15013386089813707 -0.057275178566328577 0.15942699637619739 -0.30001204328777931 -0.10805013640879224 -0.13119560689537479 0.091365906655170193 -0.055623997989471263 -0.12766984117808988 -0.32135249694533741 -0.19862441289973276 -0.078005369383788548 -0.18931977448079351 -0.11713926517859363 0.33314410102082093 0.21027764735879373 0.23693891195429728 -0.061515803199483798 -0.24134606779773549 -0.14679347961325107 0.095810725913423767 -0.22845902324110057 -0.61789774661372121 -0.52717095068982189 -0.25098623316770841 -0.35811843449664593 -0.017219359494390574 0.35769191278848211 0.56220774160267695 0.33533288506160375 0.33487295744316725 -0.036337584813253443 0.12732781483487088 0.050408235940636814 0.1491732975326272 0.21940352136522279 0.3144624988559741 0.13767288547560952 0.18466636534864733 0.12369259494067819 0.29609919589842093 0.04432299851919197 0.12319050904488904 0.23706038422528763 0.31982449585507311 -0.26517478921624615 -0.35009718275560431 0.17178923401561974 -0.25686588708546765 -0.41491202556312601 0.13054930705737888 -0.093807093764382898 0.1172044199274751 -0.41399709470809398 -0.14334284982854228 -0.18853914847912279 -0.20976113663695628 -0.078383888028781712 -0.1583685108703321 0.035270797701741685 -0.46703664217605478 0.074402212851907734 0.16020164833633999 -0.10923189236578423 0.27754733258740316 0.063420276494980499 -0.011832195247791333 0.10312424342532722


# name: x
# type: matrix
# rows: 2
# columns: 48
 380.8242237432047 376.55276594958445 372.09123323813731 367.47028469995064 362.70130809178244 357.77365841395459 352.65339606662826 347.28484577989752 350.204032741155 345.43995372854454 340.48863845622662 335.35775830861894 330.03846561534476 324.50583468329893 318.72217802394283 312.64504625794035 320.30537933894959 315.09810041952352 309.69638934771933 304.08691529081722 298.24272115958797 292.12658444453183 285.69843907524705 278.92906377449458 291.07464299980654 285.44065775214813 279.59976204915949 273.52113599132383 267.16377752086561 260.48263676137816 253.43986021810156 246.0236789713814 262.45945666644286 256.39190538215041 250.10419914883968 243.55272398905063 236.6879655716549 229.46336524045023 221.85023546880038 213.86154524765482 234.44042499290396 227.91971712260181 221.1693749511935 214.13861682544075 206.77607505342843 199.041385681279 190.92371472002759 182.47026714719252
 111.00227162959585 138.70807340541745 167.39549630896894 197.07362125438158 227.83186936425037 259.82561222811103 293.2396479735217 328.21671756966026 108.31824497869299 135.66768238890617 163.94277225524144 193.15874982100519 223.40934160105206 254.85389575648477 287.68427403323199 322.0599105699261 105.63972547613375 132.62211974093776 160.49806926813011 189.28568700412234 219.07747168094184 250.02795386519009 282.3225348655123 316.1169301316076 102.95013630295794 129.55872026878109 157.04929932850254 185.4400829503162 214.8178030620347 245.32510798312794 277.13021988400249 310.36909617096444 100.26281696133715 126.48988246659299 153.6039412765613 181.62074931362079 210.6173391493017 240.71857733815631 272.06677618138843 304.76528820275325 97.617053698072823 123.45070660052284 150.18864231102947 177.84167608219528 206.47355643452227 236.18624409714943 267.08881971168819 299.2415243286203


# name: y
# type: matrix
# rows: 2
# columns: 240
 385.16099751675569 380.76715129737187 376.16972360327452 371.37310894366664 366.36854648276471 361.13105127189385 355.61717838641931 349.76490778838615 357.55475719132681 352.60350084246232 347.42908877959701 342.02241598719485 336.36223250730302 330.41432001991097 324.13277931551198 317.46530734924369 330.64022624790761 325.17635933787813 319.46455099310839 313.48281185146948 307.19813437298586 300.56774316700148 293.54357210258024 286.0823349110546 304.35858971617711 298.40635321335185 292.17851429558095 285.6419908193875 278.75431412740744 271.46692508805188 263.73271322666636 255.52058158356027 278.64624119579736 272.2146371596769 265.47928933986941 258.39876343789302 250.92465331964647 243.00699214959175 234.60486575103576 225.7053758598575 253.4556131107976 246.54491956423021 239.30452599154404 231.68818645327212 223.64608021122018 215.13247186867483 206.11950391807261 196.62059800692413 287.71684999812481 291.09477819376082 294.54768291473817 298.07928545998487 301.69437902951216 305.39878750298323 309.19924682954144 313.10317898437773 273.16036762369293 276.35181420251644 279.61129307364547 282.94143335341499 286.34595391453325 289.82967051288978 293.39844265339264 297.05903500779425 258.67902874730669 261.68473940470909 264.75196651488045 267.88231298593075 271.07849027635086 274.34437152690202 277.68500060115309 281.10653640603221 244.26439615983691 247.08398477648188 249.95910022473171 252.89041803636286 255.87974860638099 258.93013525125394 262.04592364256797 265.23278630240651 229.91134239741484 232.54354298137315 235.22591177280231 237.95832699415246 240.74184161735872 243.57882641213638 246.47309936172286 249.43002925314747 215.61901127221759 218.06198992001231 220.55052623978099 223.08386147260643 225.66247069567589 228.28825196218452 230.96471653027834 233.6971719585701 407.02152952820256 390.78303757715076 374.15306397585954 357.11659712511448 339.63636486623466 321.6579845794688 303.11883001543708 283.96194103150731 389.72516963100878 373.31323620424718 356.51126796889679 339.29736121657652 321.62810418983361 303.44412099347431 284.67941602477089 265.27585701295794 372.53566681340527 355.95731666043201 338.98333013186419 321.58596834791581 303.71714783519928 285.31446900504011 266.31114723703456 246.65120035164844 355.43254717385196 338.6864612751865 321.53352747597319 303.94152952153274 285.85952260005877 267.22444224558666 247.97173678466785 228.05139661623377 338.38834264067299 321.46699744660384 304.12361658329422 286.32317791030084 268.01404143279774 249.13523952343303 229.62793100646894 209.45241574419597 321.37870740923631 304.27103446677324 286.72402519633499 268.70185252201134 250.15471973904732 231.0269379621995 211.2693276466014 190.8573680453396 335.84929079107934 333.91580179847517 331.88270823425637 329.75010035371275 327.51596376731635 325.17554909161646 322.72073459781933 320.13948043264367 317.66913365560941 315.42311330147061 313.07605901554956 310.62299459217121 308.05637462873807 305.36569471139694 302.5372515317726 299.55421562326148 300.58916616672713 298.07763108397978 295.46069522152811 292.72933807829736 289.87183633368403 286.87362812167657 283.71745157198944 280.3839612192217 284.50980328740712 281.76733907403246 278.91340736002172 275.93596333067501 272.82038806280565 269.54960781819597 266.10458487429673 262.46540788918446 269.33920041244596 266.39226472143127 263.32712393426857 260.12967612704188 256.78357323513131 253.27058638901136 249.57141730993607 245.66719633632317 254.99561874819793 251.8655132760083 248.61060866408545 245.2156296341997 241.66352695360303 237.93607275977064 234.01495731580383 229.883631895489 380.8242237432047 376.55276594958445 372.09123323813731 367.47028469995064 362.70130809178244 357.77365841395459 352.65339606662826 347.28484577989752 350.204032741155 345.43995372854454 340.48863845622662 335.35775830861894 330.03846561534476 324.50583468329893 318.72217802394283 312.64504625794035 320.30537933894959 315.09810041952352 309.69638934771933 304.08691529081722 298.24272115958797 292.12658444453183 285.69843907524705 278.92906377449458 291.07464299980654 285.44065775214813 279.59976204915949 273.52113599132383 267.16377752086561 260.48263676137816 253.43986021810156 246.0236789713814 262.45945666644286 256.39190538215041 250.10419914883968 243.55272398905063 236.6879655716549 229.46336524045023 221.85023546880038 213.86154524765482 234.44042499290396 227.91971712260181 221.1693749511935 214.13861682544075 206.77607505342843 199.041385681279 190.92371472002759 182.47026714719252
 140.27158396658359 164.21079364893578 189.21013324476206 215.35153609518025 242.76371405000469 271.61492387492268 302.08936635569307 334.33497534878722 137.20114348592031 160.77489724298059 185.36006215149962 211.03933458077231 237.94192571246535 266.23759632559921 296.11592754796055 327.73985926959944 134.15196985931073 157.36856350838536 181.56114842842427 206.81164000218729 233.24650902765421 261.03116114160724 290.35065799685339 321.36680212801446 131.1071432560401 153.97660260280739 177.7984091123104 202.65245310894244 228.65990824549871 255.97725776332726 284.77739202378655 315.20857214225992 128.06537565259734 150.59664424583994 174.0662666020018 198.55093469315636 224.16430988766334 251.05016760099227 279.36305825934397 309.22788565841029 125.03974072420959 147.23891375609804 170.36966630755521 194.5042512525315 219.74672819935464 246.22482610991958 274.06955272402837 303.37443011771427 161.89701745825425 175.13832056483324 188.69092588658791 202.57195980105774 216.80269952133182 231.40833895596742 246.41743039664632 261.86087928053041 166.42007390940987 179.67118704761566 193.2344410994809 207.12716965256269 221.37072743757861 235.99022440482011 251.01393261382577 266.47224385064283 170.89651813659995 184.15921354198534 197.73570367539682 211.6434073595089 225.90358767739693 240.5410435323731 255.58346872826002 271.06035664968141 175.33142980173113 188.60749832918546 202.1996866925837 216.12536079495797 230.405506156987 245.06436648093563 260.12874226908781 275.62682727079118 179.72990350662212 193.02090464061493 206.63085267311618 220.57690359388559 234.87955968618181 249.56224480834075 264.65053018312585 280.17088772109514 184.09667087763469 197.40367996692046 211.03277131840483 225.00071275318041 239.3272951475509 254.03483428511709 269.14731167009245 284.68903016335554 195.64997314334389 211.90630826413846 228.54348208413711 245.59289434536302 263.10260469919524 281.13011321378519 299.7309298736871 318.94149889579398 178.44163264235419 194.45304506231304 210.82753980377143 227.59335851828664 244.79693355508599 262.49650927807022 280.75183272877558 299.60856121011568 161.28399649152499 177.05964328292981 193.18467019817638 209.68279812545956 226.59692166976737 243.98342769368543 261.90282884025834 280.40543291231893 144.14974492958186 159.69236663466415 175.57590437232292 191.81860625980542 208.45842112019153 225.54788987578226 243.14556695621604 261.30275837280311 127.01920206359739 142.32404636503082 157.96747600704299 173.96166986838193 190.33865997507368 207.14568859937427 224.43728350480748 242.26289708018913 109.88956560650333 124.94405593006239 140.34161737474881 156.08807308896093 172.20894989968232 188.74520944353642 205.74586200995802 223.25636199997828 89.218630359280326 107.56268635787775 126.71822467903897 146.69741008837042 167.53187670144956 189.27714293383707 212.01632133537689 235.86187830175805 97.239087021663863 115.17612976740148 133.85914075765561 153.30619387692536 173.55342331893155 194.65844150189594 216.7028997410815 239.79306793191375 104.76030411456817 122.28960657515175 140.51252623154716 159.45181448995049 179.14669204458019 199.65537263254774 221.05661530047053 243.44928857641787 111.81685021555188 128.94622732521213 146.72684414976055 165.18492824459202 184.36148554472146 204.31403609065578 225.11729835586252 246.86190180920232 118.44697641623932 135.18913637036218 152.54761566440231 170.55100302226856 189.24093881287681 208.67316623405131 228.91748076544363 250.05574470912674 124.68868752860315 141.05880359729468 158.0158178478377 175.58968234920172 193.82168693663928 212.76492322478106 232.48362114621622 253.05060409990679 111.00227162959585 138.70807340541745 167.39549630896894 197.07362125438158 227.83186936425037 259.82561222811103 293.2396479735217 328.21671756966026 108.31824497869299 135.66768238890617 163.94277225524144 193.15874982100519 223.40934160105206 254.85389575648477 287.68427403323199 322.0599105699261 105.63972547613375 132.62211974093776 160.49806926813011 189.28568700412234 219.07747168094184 250.02795386519009 282.3225348655123 316.1169301316076 102.95013630295794 129.55872026878109 157.04929932850254 185.4400829503162 214.8178030620347 245.32510798312794 277.13021988400249 310.36909617096444 100.26281696133715 126.48988246659299 153.6039412765613 181.62074931362079 210.6173391493017 240.71857733815631 272.06677618138843 304.76528820275325 97.617053698072823 123.45070660052284 150.18864231102947 177.84167608219528 206.47355643452227 236.18624409714943 267.08881971168819 299.2415243286203


# name: solution
# type: matrix
# rows: 45
# columns: 1
 420.37661817008745
 417.04031716964147
 309.5197601103452
 222.54960843192529
 0
 0.11583134225489125
 -0.44597705146735661
 -0.0056427136186448495
 -0.0051812901124296132
 0
 0
 0
 0
 0
 0
 1.862377454348398
 2.261776927693901
 -0.5770030277999153
 -63.787240340652517
 -111.94660422077423
 484.36921480971802
 2.3504367255230276
 1.7849748003398014
 -0.53167538097576961
 -185.43930149330777
 -76.379348202182669
 838.33810852485817
 1.1017562810151664
 2.7256386123021614
 -0.19688402412354797
 14.854519962450201
 -140.17076374960658
 524.21922832166786
 -1.9799784423733851
 -1.906848729609556
 1.1470104207627498
 -82.680728397235569
 -149.75150981287541
 645.56989698890709
 1.9538823783220964
 2.2972807891934779
 -0.46905151147930046
 -76.903653385783301
 -129.14740736410758
 437.51955593242735


# name: solution_init
# type: matrix
# rows: 0
# columns: 0


# name: wintx
# type: scalar
5


# name: winty
# type: scalar
5


# name: n_ima
# type: scalar
5


# name: type_numbering
# type: scalar
1


# name: N_slots
# type: scalar
1


# name: small_calib_image
# type: scalar
0


# name: first_num
# type: scalar
1


# name: image_numbers
# type: range
# base, limit, increment
1 5 1


# name: format_image
# type: sq_string
# elements: 1
# length: 3
jpg


# name: calib_name
# type: sq_string
# elements: 1
# length: 5
image


# name: Hcal
# type: scalar
480


# name: Wcal
# type: scalar
640


# name: nx
# type: scalar
640


# name: ny
# type: scalar
480


# name: map
# type: matrix
# rows: 256
# columns: 3
 0 0 0
 0.0039215686274509803 0.0039215686274509803 0.0039215686274509803
 0.0078431372549019607 0.0078431372549019607 0.0078431372549019607
 0.011764705882352941 0.011764705882352941 0.011764705882352941
 0.015686274509803921 0.015686274509803921 0.015686274509803921
 0.019607843137254902 0.019607843137254902 0.019607843137254902
 0.023529411764705882 0.023529411764705882 0.023529411764705882
 0.027450980392156862 0.027450980392156862 0.027450980392156862
 0.031372549019607843 0.031372549019607843 0.031372549019607843
 0.035294117647058823 0.035294117647058823 0.035294117647058823
 0.039215686274509803 0.039215686274509803 0.039215686274509803
 0.043137254901960784 0.043137254901960784 0.043137254901960784
 0.047058823529411764 0.047058823529411764 0.047058823529411764
 0.050980392156862744 0.050980392156862744 0.050980392156862744
 0.054901960784313725 0.054901960784313725 0.054901960784313725
 0.058823529411764705 0.058823529411764705 0.058823529411764705
 0.062745098039215685 0.062745098039215685 0.062745098039215685
 0.066666666666666666 0.066666666666666666 0.066666666666666666
 0.070588235294117646 0.070588235294117646 0.070588235294117646
 0.074509803921568626 0.074509803921568626 0.074509803921568626
 0.078431372549019607 0.078431372549019607 0.078431372549019607
 0.082352941176470587 0.082352941176470587 0.082352941176470587
 0.086274509803921567 0.086274509803921567 0.086274509803921567
 0.090196078431372548 0.090196078431372548 0.090196078431372548
 0.094117647058823528 0.094117647058823528 0.094117647058823528
 0.098039215686274508 0.098039215686274508 0.098039215686274508
 0.10196078431372549 0.10196078431372549 0.10196078431372549
 0.10588235294117647 0.10588235294117647 0.10588235294117647
 0.10980392156862745 0.10980392156862745 0.10980392156862745
 0.11372549019607843 0.11372549019607843 0.11372549019607843
 0.11764705882352941 0.11764705882352941 0.11764705882352941
 0.12156862745098039 0.12156862745098039 0.12156862745098039
 0.12549019607843137 0.12549019607843137 0.12549019607843137
 0.12941176470588237 0.12941176470588237 0.12941176470588237
 0.13333333333333333 0.13333333333333333 0.13333333333333333
 0.13725490196078433 0.13725490196078433 0.13725490196078433
 0.14117647058823529 0.14117647058823529 0.14117647058823529
 0.14509803921568629 0.14509803921568629 0.14509803921568629
 0.14901960784313725 0.14901960784313725 0.14901960784313725
 0.15294117647058825 0.15294117647058825 0.15294117647058825
 0.15686274509803921 0.15686274509803921 0.15686274509803921
 0.16078431372549021 0.16078431372549021 0.16078431372549021
 0.16470588235294117 0.16470588235294117 0.16470588235294117
 0.16862745098039217 0.16862745098039217 0.16862745098039217
 0.17254901960784313 0.17254901960784313 0.17254901960784313
 0.17647058823529413 0.17647058823529413 0.17647058823529413
 0.1803921568627451 0.1803921568627451 0.1803921568627451
 0.18431372549019609 0.18431372549019609 0.18431372549019609
 0.18823529411764706 0.18823529411764706 0.18823529411764706
 0.19215686274509805 0.19215686274509805 0.19215686274509805
 0.19607843137254902 0.19607843137254902 0.19607843137254902
 0.20000000000000001 0.20000000000000001 0.20000000000000001
 0.20392156862745098 0.20392156862745098 0.20392156862745098
 0.20784313725490197 0.20784313725490197 0.20784313725490197
 0.21176470588235294 0.21176470588235294 0.21176470588235294
 0.21568627450980393 0.21568627450980393 0.21568627450980393
 0.2196078431372549 0.2196078431372549 0.2196078431372549
 0.22352941176470589 0.22352941176470589 0.22352941176470589
 0.22745098039215686 0.22745098039215686 0.22745098039215686
 0.23137254901960785 0.23137254901960785 0.23137254901960785
 0.23529411764705882 0.23529411764705882 0.23529411764705882
 0.23921568627450981 0.23921568627450981 0.23921568627450981
 0.24313725490196078 0.24313725490196078 0.24313725490196078
 0.24705882352941178 0.24705882352941178 0.24705882352941178
 0.25098039215686274 0.25098039215686274 0.25098039215686274
 0.25490196078431371 0.25490196078431371 0.25490196078431371
 0.25882352941176473 0.25882352941176473 0.25882352941176473
 0.2627450980392157 0.2627450980392157 0.2627450980392157
 0.26666666666666666 0.26666666666666666 0.26666666666666666
 0.27058823529411763 0.27058823529411763 0.27058823529411763
 0.27450980392156865 0.27450980392156865 0.27450980392156865
 0.27843137254901962 0.27843137254901962 0.27843137254901962
 0.28235294117647058 0.28235294117647058 0.28235294117647058
 0.28627450980392155 0.28627450980392155 0.28627450980392155
 0.29019607843137257 0.29019607843137257 0.29019607843137257
 0.29411764705882354 0.29411764705882354 0.29411764705882354
 0.29803921568627451 0.29803921568627451 0.29803921568627451
 0.30196078431372547 0.30196078431372547 0.30196078431372547
 0.30588235294117649 0.30588235294117649 0.30588235294117649
 0.30980392156862746 0.30980392156862746 0.30980392156862746
 0.31372549019607843 0.31372549019607843 0.31372549019607843
 0.31764705882352939 0.31764705882352939 0.31764705882352939
 0.32156862745098042 0.32156862745098042 0.32156862745098042
 0.32549019607843138 0.32549019607843138 0.32549019607843138
 0.32941176470588235 0.32941176470588235 0.32941176470588235
 0.33333333333333331 0.33333333333333331 0.33333333333333331
 0.33725490196078434 0.33725490196078434 0.33725490196078434
 0.3411764705882353 0.3411764705882353 0.3411764705882353
 0.34509803921568627 0.34509803921568627 0.34509803921568627
 0.34901960784313724 0.34901960784313724 0.34901960784313724
 0.35294117647058826 0.35294117647058826 0.35294117647058826
 0.35686274509803922 0.35686274509803922 0.35686274509803922
 0.36078431372549019 0.36078431372549019 0.36078431372549019
 0.36470588235294116 0.36470588235294116 0.36470588235294116
 0.36862745098039218 0.36862745098039218 0.36862745098039218
 0.37254901960784315 0.37254901960784315 0.37254901960784315
 0.37647058823529411 0.37647058823529411 0.37647058823529411
 0.38039215686274508 0.38039215686274508 0.38039215686274508
 0.3843137254901961 0.3843137254901961 0.3843137254901961
 0.38823529411764707 0.38823529411764707 0.38823529411764707
 0.39215686274509803 0.39215686274509803 0.39215686274509803
 0.396078431372549 0.396078431372549 0.396078431372549
 0.40000000000000002 0.40000000000000002 0.40000000000000002
 0.40392156862745099 0.40392156862745099 0.40392156862745099
 0.40784313725490196 0.40784313725490196 0.40784313725490196
 0.41176470588235292 0.41176470588235292 0.41176470588235292
 0.41568627450980394 0.41568627450980394 0.41568627450980394
 0.41960784313725491 0.41960784313725491 0.41960784313725491
 0.42352941176470588 0.42352941176470588 0.42352941176470588
 0.42745098039215684 0.42745098039215684 0.42745098039215684
 0.43137254901960786 0.43137254901960786 0.43137254901960786
 0.43529411764705883 0.43529411764705883 0.43529411764705883
 0.4392156862745098 0.4392156862745098 0.4392156862745098
 0.44313725490196076 0.44313725490196076 0.44313725490196076
 0.44705882352941179 0.44705882352941179 0.44705882352941179
 0.45098039215686275 0.45098039215686275 0.45098039215686275
 0.45490196078431372 0.45490196078431372 0.45490196078431372
 0.45882352941176469 0.45882352941176469 0.45882352941176469
 0.46274509803921571 0.46274509803921571 0.46274509803921571
 0.46666666666666667 0.46666666666666667 0.46666666666666667
 0.47058823529411764 0.47058823529411764 0.47058823529411764
 0.47450980392156861 0.47450980392156861 0.47450980392156861
 0.47843137254901963 0.47843137254901963 0.47843137254901963
 0.4823529411764706 0.4823529411764706 0.4823529411764706
 0.48627450980392156 0.48627450980392156 0.48627450980392156
 0.49019607843137253 0.49019607843137253 0.49019607843137253
 0.49411764705882355 0.49411764705882355 0.49411764705882355
 0.49803921568627452 0.49803921568627452 0.49803921568627452
 0.50196078431372548 0.50196078431372548 0.50196078431372548
 0.50588235294117645 0.50588235294117645 0.50588235294117645
 0.50980392156862742 0.50980392156862742 0.50980392156862742
 0.51372549019607838 0.51372549019607838 0.51372549019607838
 0.51764705882352946 0.51764705882352946 0.51764705882352946
 0.52156862745098043 0.52156862745098043 0.52156862745098043
 0.52549019607843139 0.52549019607843139 0.52549019607843139
 0.52941176470588236 0.52941176470588236 0.52941176470588236
 0.53333333333333333 0.53333333333333333 0.53333333333333333
 0.53725490196078429 0.53725490196078429 0.53725490196078429
 0.54117647058823526 0.54117647058823526 0.54117647058823526
 0.54509803921568623 0.54509803921568623 0.54509803921568623
 0.5490196078431373 0.5490196078431373 0.5490196078431373
 0.55294117647058827 0.55294117647058827 0.55294117647058827
 0.55686274509803924 0.55686274509803924 0.55686274509803924
 0.5607843137254902 0.5607843137254902 0.5607843137254902
 0.56470588235294117 0.56470588235294117 0.56470588235294117
 0.56862745098039214 0.56862745098039214 0.56862745098039214
 0.5725490196078431 0.5725490196078431 0.5725490196078431
 0.57647058823529407 0.57647058823529407 0.57647058823529407
 0.58039215686274515 0.58039215686274515 0.58039215686274515
 0.58431372549019611 0.58431372549019611 0.58431372549019611
 0.58823529411764708 0.58823529411764708 0.58823529411764708
 0.59215686274509804 0.59215686274509804 0.59215686274509804
 0.59607843137254901 0.59607843137254901 0.59607843137254901
 0.59999999999999998 0.59999999999999998 0.59999999999999998
 0.60392156862745094 0.60392156862745094 0.60392156862745094
 0.60784313725490191 0.60784313725490191 0.60784313725490191
 0.61176470588235299 0.61176470588235299 0.61176470588235299
 0.61568627450980395 0.61568627450980395 0.61568627450980395
 0.61960784313725492 0.61960784313725492 0.61960784313725492
 0.62352941176470589 0.62352941176470589 0.62352941176470589
 0.62745098039215685 0.62745098039215685 0.62745098039215685
 0.63137254901960782 0.63137254901960782 0.63137254901960782
 0.63529411764705879 0.63529411764705879 0.63529411764705879
 0.63921568627450975 0.63921568627450975 0.63921568627450975
 0.64313725490196083 0.64313725490196083 0.64313725490196083
 0.6470588235294118 0.6470588235294118 0.6470588235294118
 0.65098039215686276 0.65098039215686276 0.65098039215686276
 0.65490196078431373 0.65490196078431373 0.65490196078431373
 0.6588235294117647 0.6588235294117647 0.6588235294117647
 0.66274509803921566 0.66274509803921566 0.66274509803921566
 0.66666666666666663 0.66666666666666663 0.66666666666666663
 0.6705882352941176 0.6705882352941176 0.6705882352941176
 0.67450980392156867 0.67450980392156867 0.67450980392156867
 0.67843137254901964 0.67843137254901964 0.67843137254901964
 0.68235294117647061 0.68235294117647061 0.68235294117647061
 0.68627450980392157 0.68627450980392157 0.68627450980392157
 0.69019607843137254 0.69019607843137254 0.69019607843137254
 0.69411764705882351 0.69411764705882351 0.69411764705882351
 0.69803921568627447 0.69803921568627447 0.69803921568627447
 0.70196078431372544 0.70196078431372544 0.70196078431372544
 0.70588235294117652 0.70588235294117652 0.70588235294117652
 0.70980392156862748 0.70980392156862748 0.70980392156862748
 0.71372549019607845 0.71372549019607845 0.71372549019607845
 0.71764705882352942 0.71764705882352942 0.71764705882352942
 0.72156862745098038 0.72156862745098038 0.72156862745098038
 0.72549019607843135 0.72549019607843135 0.72549019607843135
 0.72941176470588232 0.72941176470588232 0.72941176470588232
 0.73333333333333328 0.73333333333333328 0.73333333333333328
 0.73725490196078436 0.73725490196078436 0.73725490196078436
 0.74117647058823533 0.74117647058823533 0.74117647058823533
 0.74509803921568629 0.74509803921568629 0.74509803921568629
 0.74901960784313726 0.74901960784313726 0.74901960784313726
 0.75294117647058822 0.75294117647058822 0.75294117647058822
 0.75686274509803919 0.75686274509803919 0.75686274509803919
 0.76078431372549016 0.76078431372549016 0.76078431372549016
 0.76470588235294112 0.76470588235294112 0.76470588235294112
 0.7686274509803922 0.7686274509803922 0.7686274509803922
 0.77254901960784317 0.77254901960784317 0.77254901960784317
 0.77647058823529413 0.77647058823529413 0.77647058823529413
 0.7803921568627451 0.7803921568627451 0.7803921568627451
 0.78431372549019607 0.78431372549019607 0.78431372549019607
 0.78823529411764703 0.78823529411764703 0.78823529411764703
 0.792156862745098 0.792156862745098 0.792156862745098
 0.79607843137254897 0.79607843137254897 0.79607843137254897
 0.80000000000000004 0.80000000000000004 0.80000000000000004
 0.80392156862745101 0.80392156862745101 0.80392156862745101
 0.80784313725490198 0.80784313725490198 0.80784313725490198
 0.81176470588235294 0.81176470588235294 0.81176470588235294
 0.81568627450980391 0.81568627450980391 0.81568627450980391
 0.81960784313725488 0.81960784313725488 0.81960784313725488
 0.82352941176470584 0.82352941176470584 0.82352941176470584
 0.82745098039215681 0.82745098039215681 0.82745098039215681
 0.83137254901960789 0.83137254901960789 0.83137254901960789
 0.83529411764705885 0.83529411764705885 0.83529411764705885
 0.83921568627450982 0.83921568627450982 0.83921568627450982
 0.84313725490196079 0.84313725490196079 0.84313725490196079
 0.84705882352941175 0.84705882352941175 0.84705882352941175
 0.85098039215686272 0.85098039215686272 0.85098039215686272
 0.85490196078431369 0.85490196078431369 0.85490196078431369
 0.85882352941176465 0.85882352941176465 0.85882352941176465
 0.86274509803921573 0.86274509803921573 0.86274509803921573
 0.8666666666666667 0.8666666666666667 0.8666666666666667
 0.87058823529411766 0.87058823529411766 0.87058823529411766
 0.87450980392156863 0.87450980392156863 0.87450980392156863
 0.8784313725490196 0.8784313725490196 0.8784313725490196
 0.88235294117647056 0.88235294117647056 0.88235294117647056
 0.88627450980392153 0.88627450980392153 0.88627450980392153
 0.8901960784313725 0.8901960784313725 0.8901960784313725
 0.89411764705882357 0.89411764705882357 0.89411764705882357
 0.89803921568627454 0.89803921568627454 0.89803921568627454
 0.90196078431372551 0.90196078431372551 0.90196078431372551
 0.90588235294117647 0.90588235294117647 0.90588235294117647
 0.90980392156862744 0.90980392156862744 0.90980392156862744
 0.9137254901960784 0.9137254901960784 0.9137254901960784
 0.91764705882352937 0.91764705882352937 0.91764705882352937
 0.92156862745098034 0.92156862745098034 0.92156862745098034
 0.92549019607843142 0.92549019607843142 0.92549019607843142
 0.92941176470588238 0.92941176470588238 0.92941176470588238
 0.93333333333333335 0.93333333333333335 0.93333333333333335
 0.93725490196078431 0.93725490196078431 0.93725490196078431
 0.94117647058823528 0.94117647058823528 0.94117647058823528
 0.94509803921568625 0.94509803921568625 0.94509803921568625
 0.94901960784313721 0.94901960784313721 0.94901960784313721
 0.95294117647058818 0.95294117647058818 0.95294117647058818
 0.95686274509803926 0.95686274509803926 0.95686274509803926
 0.96078431372549022 0.96078431372549022 0.96078431372549022
 0.96470588235294119 0.96470588235294119 0.96470588235294119
 0.96862745098039216 0.96862745098039216 0.96862745098039216
 0.97254901960784312 0.97254901960784312 0.97254901960784312
 0.97647058823529409 0.97647058823529409 0.97647058823529409
 0.98039215686274506 0.98039215686274506 0.98039215686274506
 0.98431372549019602 0.98431372549019602 0.98431372549019602
 0.9882352941176471 0.9882352941176471 0.9882352941176471
 0.99215686274509807 0.99215686274509807 0.99215686274509807
 0.99607843137254903 0.99607843137254903 0.99607843137254903
 1 1 1


# name: dX_default
# type: scalar
30


# name: dY_default
# type: scalar
30


# name: KK
# type: matrix
# rows: 3
# columns: 3
 420.37661817008745 0 309.5197601103452
 0 417.04031716964147 222.54960843192529
 0 0 1


# name: inv_KK
# type: matrix
# rows: 3
# columns: 3
 0.0023788192700941154 -0 -0.73629156982539712
 0 0.0023978497014072271 -0.53364051212678731
 0 0 1


# name: dX
# type: scalar
30


# name: dY
# type: scalar
30


# name: wintx_default
# type: scalar
5


# name: winty_default
# type: scalar
5


# name: no_image
# type: scalar
0


# name: check_cond
# type: scalar
1


# name: MaxIter
# type: scalar
30


# name: X_1
# type: matrix
# rows: 3
# columns: 48
 0 30 60 90 120 150 180 210 0 30 60 90 120 150 180 210 0 30 60 90 120 150 180 210 0 30 60 90 120 150 180 210 0 30 60 90 120 150 180 210 0 30 60 90 120 150 180 210
 150 150 150 150 150 150 150 150 120 120 120 120 120 120 120 120 90 90 90 90 90 90 90 90 60 60 60 60 60 60 60 60 30 30 30 30 30 30 30 30 0 0 0 0 0 0 0 0
 0 0 0 0 0 0 0 0 0 0 0 0 0 0 0 0 0 0 0 0 0 0 0 0 0 0 0 0 0 0 0 0 0 0 0 0 0 0 0 0 0 0 0 0 0 0 0 0


# name: x_1
# type: matrix
# rows: 2
# columns: 48
 385.33230524511708 380.84069486676214 376.18616902991226 371.49684929727869 366.45266338142392 360.94499771196473 355.54419004938097 349.59060109685026 357.56347024557812 352.6657920866208 347.50791645452489 342.21957987821168 336.38310180594414 330.45118438428926 324.30478817357084 317.38174270042134 330.56143269884313 325.26094502181417 319.4928367077593 313.51886216839512 307.26268299302075 300.44465062535028 293.55210819483568 285.93029994333671 304.43478702069069 298.49789309378565 292.23882429572251 285.78821574905288 278.60485816024709 271.42763757780352 263.82463887357011 255.41838192598334 278.36331616400236 272.16983370206032 265.52151417352036 258.33928614032362 250.73272623309421 242.94494757433478 234.51884742774058 226.04457745848657 253.07773737772578 246.67197744409148 239.31650906260387 231.76602655928778 223.64024257345122 215.14185852405734 205.83311783674324 196.84725306940129
 140.16247423247862 164.11985725219887 188.7707102308845 214.87195885781082 242.4627683778296 271.1537762114807 301.89220714424204 334.3983406896848 137.66317018574546 160.97053402411157 185.69729914706019 211.12510113674082 238.35254263748769 266.51575449598187 296.26260038521218 327.94794080564662 134.27495565231294 157.52939314648637 181.80683110007229 207.18111282812961 233.51545008281451 261.04763020429647 290.31265354810358 321.2759164373993 131.41032753831547 153.47249534252731 177.51859842292933 202.75649743805263 228.68252051866088 255.75570503361627 285.00695880746957 314.75591229922981 128.09398194284893 150.30305082960942 173.98442228578452 198.54444419217441 224.10732434013508 250.73518982693008 279.23173429283156 309.3948995473242 124.51828740045164 147.39824468484369 170.64474573025711 194.63719681257217 220.02727233243709 246.36970210341525 273.87739827752506 303.46956061770993


# name: y_1
# type: matrix
# rows: 2
# columns: 48
 385.16099751675569 380.76715129737187 376.16972360327452 371.37310894366664 366.36854648276471 361.13105127189385 355.61717838641931 349.76490778838615 357.55475719132681 352.60350084246232 347.42908877959701 342.02241598719485 336.36223250730302 330.41432001991097 324.13277931551198 317.46530734924369 330.64022624790761 325.17635933787813 319.46455099310839 313.48281185146948 307.19813437298586 300.56774316700148 293.54357210258024 286.0823349110546 304.35858971617711 298.40635321335185 292.17851429558095 285.6419908193875 278.75431412740744 271.46692508805188 263.73271322666636 255.52058158356027 278.64624119579736 272.2146371596769 265.47928933986941 258.39876343789302 250.92465331964647 243.00699214959175 234.60486575103576 225.7053758598575 253.4556131107976 246.54491956423021 239.30452599154404 231.68818645327212 223.64608021122018 215.13247186867483 206.11950391807261 196.62059800692413
 140.27158396658359 164.21079364893578 189.21013324476206 215.35153609518025 242.76371405000469 271.61492387492268 302.08936635569307 334.33497534878722 137.20114348592031 160.77489724298059 185.36006215149962 211.03933458077231 237.94192571246535 266.23759632559921 296.11592754796055 327.73985926959944 134.15196985931073 157.36856350838536 181.56114842842427 206.81164000218729 233.24650902765421 261.03116114160724 290.35065799685339 321.36680212801446 131.1071432560401 153.97660260280739 177.7984091123104 202.65245310894244 228.65990824549871 255.97725776332726 284.77739202378655 315.20857214225992 128.06537565259734 150.59664424583994 174.0662666020018 198.55093469315636 224.16430988766334 251.05016760099227 279.36305825934397 309.22788565841029 125.03974072420959 147.23891375609804 170.36966630755521 194.5042512525315 219.74672819935464 246.22482610991958 274.06955272402837 303.37443011771427


# name: ex_1
# type: matrix
# rows: 2
# columns: 48
 0.1713077283613984 0.073543569390267294 0.016445426637744731 0.1237403536120496 0.084116898659203798 -0.18605355992912109 -0.072988337038339068 -0.17430669153588951 0.0087130542513023101 0.062291244158473091 0.078827674927879343 0.19716389101682807 0.020869298641116529 0.036864364378288883 0.17200885805885946 -0.083564648822346044 -0.078793549064471335 0.084585683936040823 0.028285714650905902 0.036050316925638981 0.064548620034884152 -0.12309254165120365 0.0085360922554400531 -0.1520349677178956 0.076197304513584641 0.091539880433799681 0.06031000014155552 0.14622492966537948 -0.1494559671603497 -0.039287510248357194 0.091925646903746383 -0.10219965757693217 -0.28292503179500272 -0.044803457616580999 0.042224833650948312 -0.059477297569401344 -0.19192708655225488 -0.062044575256976486 -0.086018323295178334 0.3392015986290744 -0.37787573307181788 0.12705787986126893 0.011983071059830763 0.077840106015656829 -0.0058376377689626224 0.0093866553825137089 -0.28638608132936838 0.22665506247716394
 -0.10910973410497604 -0.090936396736907454 -0.43942301387755833 -0.47957723736942626 -0.30094567217508938 -0.46114766344197733 -0.19715921145103721 0.063365340897576061 0.46202669982514522 0.19563678113098604 0.3372369955605734 0.085766555968518787 0.41061692502233882 0.27815817038265322 0.14667283725162861 0.20808153604718882 0.1229857930022149 0.16082963810100637 0.24568267164801227 0.36947282594232433 0.26894105516029754 0.016469062689225211 -0.038004448749802577 -0.090885690615152726 0.30318428227536742 -0.50410726028007957 -0.27981068938106546 0.10404432911019512 0.022612273162167185 -0.22155272971099293 0.22956678368302619 -0.45265984303011919 0.028606290251588007 -0.2935934162305216 -0.081844316217285495 -0.0064905009819540282 -0.056985547528256575 -0.31497777406218574 -0.13132396651241152 0.16701388891391389 -0.52145332375795306 0.15933092874564636 0.27507942270190711 0.13294556004066749 0.28054413308245785 0.14487599349567404 -0.19215444650330937 0.095130499995661921


# name: omc_1
# type: matrix
# rows: 3
# columns: 1
 1.862377454348398
 2.261776927693901
 -0.5770030277999153


# name: Rc_1
# type: matrix
# rows: 3
# columns: 3
 -0.21469221772489266 0.96899475032565952 -0.12229646556495552
 0.9091600948919687 0.15252778229150044 -0.38750896439342325
 -0.35684054352664851 -0.19438222519188791 -0.91371788700071777


# name: Tc_1
# type: matrix
# rows: 3
# columns: 1
 -63.787240340652517
 -111.94660422077423
 484.36921480971802


# name: omc_error_1
# type: matrix
# rows: 3
# columns: 1
 0.0090668408930603631
 0.016874382606814797
 0.027304754768590723


# name: Tc_error_1
# type: matrix
# rows: 3
# columns: 1
 7.6123092113023256
 12.498153950982546
 17.381947657643039


# name: H_1
# type: matrix
# rows: 3
# columns: 3
 -0.41435496255368792 0.71676230825641496 254.15979181149265
 0.61882894687059942 0.042014533498878529 126.16394662095229
 -0.00073671185660887121 -0.00040131003219981681 1


# name: n_sq_x_1
# type: scalar
7


# name: n_sq_y_1
# type: scalar
5


# name: wintx_1
# type: scalar
5


# name: winty_1
# type: scalar
5


# name: dX_1
# type: scalar
30


# name: dY_1
# type: scalar
30


# name: X_2
# type: matrix
# rows: 3
# columns: 48
 0 30 60 90 120 150 180 210 0 30 60 90 120 150 180 210 0 30 60 90 120 150 180 210 0 30 60 90 120 150 180 210 0 30 60 90 120 150 180 210 0 30 60 90 120 150 180 210
 150 150 150 150 150 150 150 150 120 120 120 120 120 120 120 120 90 90 90 90 90 90 90 90 60 60 60 60 60 60 60 60 30 30 30 30 30 30 30 30 0 0 0 0 0 0 0 0
 0 0 0 0 0 0 0 0 0 0 0 0 0 0 0 0 0 0 0 0 0 0 0 0 0 0 0 0 0 0 0 0 0 0 0 0 0 0 0 0 0 0 0 0 0 0 0 0


# name: x_2
# type: matrix
# rows: 2
# columns: 48
 287.68264557724814 290.99785897357833 294.39339392717477 297.84105753756211 301.47261320853045 305.32272434034252 309.07742144674739 313.10563824877443 273.34589702514069 276.42084104444496 279.61498172689892 282.84525128957563 286.54260500140651 289.99293103665872 293.525203990965 297.05778097659766 258.78907938555221 261.69888547936068 264.84696398583179 267.88156160031343 271.20003034849896 274.45619690654399 277.63741146451719 281.08592898110606 244.48675599129919 247.08658725334948 249.86572273307067 253.1116258968126 255.77801773741123 258.93101125507263 262.29177256112882 265.16708036053677 229.79646938262007 232.48647230736987 235.34685953271074 237.95893520278841 240.60330059970519 243.50368058534687 246.41159345994558 249.5147503654307 215.34833909985116 218.10891778298219 220.48771607534584 223.31950792578954 225.64871891144475 228.30425089578807 230.71539053001547 233.71822007929012
 161.70765995498638 175.09082582813556 188.56184402488779 202.34860163957921 216.58602279019598 231.29242161109298 246.38622973774778 261.88532669910722 166.60607946118671 179.81675802114177 193.38148056877856 207.15552644227336 221.49524471191833 236.04209983648107 251.21954779083313 266.65157681771092 171.01367434489137 184.24031219236278 197.83460656914528 211.70117333168852 225.95472005533989 240.55372255533925 255.5150953009541 271.04026325419443 175.46081695949849 188.51291477426662 202.05096009288442 216.25916886326414 230.39597068194948 244.90082575708482 260.08128143218573 275.52539700308347 179.699047555568 192.81434024689051 206.67202207897213 220.5130232705269 234.82229337817139 249.50925260696877 264.6256160060309 280.30513829624016 183.85246747416448 197.44936926792286 211.12999247110588 225.19001576806434 239.45477609912524 253.88948598705451 269.17035150800683 284.68406587228969


# name: y_2
# type: matrix
# rows: 2
# columns: 48
 287.71684999812481 291.09477819376082 294.54768291473817 298.07928545998487 301.69437902951216 305.39878750298323 309.19924682954144 313.10317898437773 273.16036762369293 276.35181420251644 279.61129307364547 282.94143335341499 286.34595391453325 289.82967051288978 293.39844265339264 297.05903500779425 258.67902874730669 261.68473940470909 264.75196651488045 267.88231298593075 271.07849027635086 274.34437152690202 277.68500060115309 281.10653640603221 244.26439615983691 247.08398477648188 249.95910022473171 252.89041803636286 255.87974860638099 258.93013525125394 262.04592364256797 265.23278630240651 229.91134239741484 232.54354298137315 235.22591177280231 237.95832699415246 240.74184161735872 243.57882641213638 246.47309936172286 249.43002925314747 215.61901127221759 218.06198992001231 220.55052623978099 223.08386147260643 225.66247069567589 228.28825196218452 230.96471653027834 233.6971719585701
 161.89701745825425 175.13832056483324 188.69092588658791 202.57195980105774 216.80269952133182 231.40833895596742 246.41743039664632 261.86087928053041 166.42007390940987 179.67118704761566 193.2344410994809 207.12716965256269 221.37072743757861 235.99022440482011 251.01393261382577 266.47224385064283 170.89651813659995 184.15921354198534 197.73570367539682 211.6434073595089 225.90358767739693 240.5410435323731 255.58346872826002 271.06035664968141 175.33142980173113 188.60749832918546 202.1996866925837 216.12536079495797 230.405506156987 245.06436648093563 260.12874226908781 275.62682727079118 179.72990350662212 193.02090464061493 206.63085267311618 220.57690359388559 234.87955968618181 249.56224480834075 264.65053018312585 280.17088772109514 184.09667087763469 197.40367996692046 211.03277131840483 225.00071275318041 239.3272951475509 254.03483428511709 269.14731167009245 284.68903016335554


# name: ex_2
# type: matrix
# rows: 2
# columns: 48
 -0.034204420876676522 -0.096919220182485333 -0.15428898756340459 -0.23822792242276591 -0.22176582098171593 -0.07606316264070756 -0.12182538279404298 0.0024592643966911965 0.18552940144775221 0.069026841928518934 0.0036886532534481375 -0.096182063839364673 0.19665108687325983 0.1632605237689404 0.1267613375723613 -0.0012540311965949513 0.11005063824552508 0.014146074651591789 0.094997470951341256 -0.00075138561732046583 0.12154007214809326 0.11182537964197081 -0.04758913663590647 -0.020607424926140538 0.22235983146228477 0.0026024768675938503 -0.093377491661044587 0.22120786044973784 -0.10173086896975292 0.0008760038186892416 0.24584891856085278 -0.065705941869737217 -0.11487301479476741 -0.057070674003284694 0.12094775990843232 0.00060820863595267838 -0.13854101765352311 -0.075145826789508874 -0.061505901777280769 0.084721112283233424 -0.2706721723664316 0.046927862969880607 -0.062810164435148863 0.23564645318310795 -0.013751784231146758 0.015998933603555088 -0.24932600026286877 0.021048120720024599
 -0.18935750326787115 -0.047494736697672124 -0.12908186170011504 -0.22335816147852938 -0.21667673113583419 -0.11591734487444683 -0.031200658898541178 0.024447418576812652 0.18600555177684441 0.14557097352610526 0.14703946929765266 0.028356789710670682 0.12451727433972337 0.051875431660960203 0.20561517700735976 0.17933296706809188 0.11715620829141926 0.081098650377441572 0.098902893748459064 0.057765972179623759 0.051132377942963103 0.012679022966153752 -0.068373427305914447 -0.02009339548698108 0.12938715776735421 -0.094583554918841628 -0.14872659969927327 0.13380806830616621 -0.0095354750375236108 -0.16354072385081508 -0.047460836902075698 -0.10143026770771257 -0.030855951054121533 -0.20656439372442037 0.0411694058559533 -0.063880323358688429 -0.057266308010412104 -0.052992201371978354 -0.024914177094956358 0.13425057514501759 -0.24420340347020897 0.045689301002397542 0.097221152701052915 0.18930301488393297 0.12748095157434136 -0.14534829806257221 0.023039837914382133 -0.0049642910658462824


# name: omc_2
# type: matrix
# rows: 3
# columns: 1
 2.3504367255230276
 1.7849748003398014
 -0.53167538097576961


# name: Rc_2
# type: matrix
# rows: 3
# columns: 3
 0.2325043247431724 0.9534860651778333 -0.19184906173191002
 0.9030594650090763 -0.28488451478607901 -0.32144115463428341
 -0.36114448858212206 -0.098514652447202214 -0.92729149765322683


# name: Tc_2
# type: matrix
# rows: 3
# columns: 1
 -185.43930149330777
 -76.379348202182669
 838.33810852485817


# name: omc_error_2
# type: matrix
# rows: 3
# columns: 1
 0.013663369524606199
 0.017029421901192783
 0.029563400543396456


# name: Tc_error_2
# type: matrix
# rows: 3
# columns: 1
 13.214548889482032
 22.080573988460685
 30.281556698825383


# name: H_2
# type: matrix
# rows: 3
# columns: 3
 -0.016749773847648919 0.44174422251969969 216.53299779466252
 0.35336535244759032 -0.16787108244151219 184.55387941097237
 -0.00043078620059106319 -0.00011751183853558661 1


# name: n_sq_x_2
# type: scalar
7


# name: n_sq_y_2
# type: scalar
5


# name: wintx_2
# type: scalar
5


# name: winty_2
# type: scalar
5


# name: dX_2
# type: scalar
30


# name: dY_2
# type: scalar
30


# name: X_3
# type: matrix
# rows: 3
# columns: 48
 0 30 60 90 120 150 180 210 0 30 60 90 120 150 180 210 0 30 60 90 120 150 180 210 0 30 60 90 120 150 180 210 0 30 60 90 120 150 180 210 0 30 60 90 120 150 180 210
 150 150 150 150 150 150 150 150 120 120 120 120 120 120 120 120 90 90 90 90 90 90 90 90 60 60 60 60 60 60 60 60 30 30 30 30 30 30 30 30 0 0 0 0 0 0 0 0
 0 0 0 0 0 0 0 0 0 0 0 0 0 0 0 0 0 0 0 0 0 0 0 0 0 0 0 0 0 0 0 0 0 0 0 0 0 0 0 0 0 0 0 0 0 0 0 0


# name: x_3
# type: matrix
# rows: 2
# columns: 48
 407.21724663223279 390.86560080057899 374.34773313587289 357.33088606040275 339.73498221871517 321.70584248821484 303.15345462647429 283.87586663119151 389.48973108653149 373.23461450451697 356.43789726221303 339.36563507133735 321.50577538209961 303.4608197016085 284.56110718779331 265.25418679164073 372.45133571685324 355.83516451747664 338.85134593865052 321.52370501888237 303.59280381853631 285.39565861908886 266.35625618793694 246.60223017913134 355.36184609394297 338.78646596651691 321.57907981492048 303.82709096595659 285.76890210185326 267.37353483794391 247.94950591651755 228.01792681084825 338.41939473613792 321.53656381175495 304.07201031505332 286.39679726170692 267.87979908378236 249.18292700514922 229.55686919747774 209.54804689333452 321.45030955423033 304.38391714700055 286.69694374570764 268.66940485132648 250.10310496474128 231.1012012091939 211.19857077343866 190.98713284963191
 195.68052804420262 211.78455350379897 228.47298571438313 245.47118579921937 262.99091006435572 280.99517909998934 299.69857751108657 319.00877751855262 178.70874569748975 194.6163117571601 210.86651460717246 227.48868293789815 244.81584616161442 262.52811920805266 280.78521263966911 299.62185371045689 161.47477873921366 177.21098337214727 193.37184753614287 209.64618733981922 226.66668114453796 243.91979484458378 261.80159314478476 280.39713953002996 144.41224652134142 159.55228382872352 175.48950723858985 191.88384899544332 208.44405123907643 225.42356622473275 243.30571272969857 261.27303550072446 126.88026885346193 142.13037910835692 157.8629786252063 173.78950137622851 190.2207151836262 207.08157138890178 224.3714355221702 242.42793942037363 109.54864598002331 125.09312893383347 140.42911607529501 156.26498036859874 172.32822472435865 188.67694666362553 205.64389448508143 223.47953694343471


# name: y_3
# type: matrix
# rows: 2
# columns: 48
 407.02152952820256 390.78303757715076 374.15306397585954 357.11659712511448 339.63636486623466 321.6579845794688 303.11883001543708 283.96194103150731 389.72516963100878 373.31323620424718 356.51126796889679 339.29736121657652 321.62810418983361 303.44412099347431 284.67941602477089 265.27585701295794 372.53566681340527 355.95731666043201 338.98333013186419 321.58596834791581 303.71714783519928 285.31446900504011 266.31114723703456 246.65120035164844 355.43254717385196 338.6864612751865 321.53352747597319 303.94152952153274 285.85952260005877 267.22444224558666 247.97173678466785 228.05139661623377 338.38834264067299 321.46699744660384 304.12361658329422 286.32317791030084 268.01404143279774 249.13523952343303 229.62793100646894 209.45241574419597 321.37870740923631 304.27103446677324 286.72402519633499 268.70185252201134 250.15471973904732 231.0269379621995 211.2693276466014 190.8573680453396
 195.64997314334389 211.90630826413846 228.54348208413711 245.59289434536302 263.10260469919524 281.13011321378519 299.7309298736871 318.94149889579398 178.44163264235419 194.45304506231304 210.82753980377143 227.59335851828664 244.79693355508599 262.49650927807022 280.75183272877558 299.60856121011568 161.28399649152499 177.05964328292981 193.18467019817638 209.68279812545956 226.59692166976737 243.98342769368543 261.90282884025834 280.40543291231893 144.14974492958186 159.69236663466415 175.57590437232292 191.81860625980542 208.45842112019153 225.54788987578226 243.14556695621604 261.30275837280311 127.01920206359739 142.32404636503082 157.96747600704299 173.96166986838193 190.33865997507368 207.14568859937427 224.43728350480748 242.26289708018913 109.88956560650333 124.94405593006239 140.34161737474881 156.08807308896093 172.20894989968232 188.74520944353642 205.74586200995802 223.25636199997828


# name: ex_3
# type: matrix
# rows: 2
# columns: 48
 0.1957171040302228 0.082563223428223864 0.19466916001334766 0.2142889352882662 0.098617352480516729 0.047857908746038902 0.034624611037202158 -0.086074400315794719 -0.23543854447729018 -0.078621699730206274 -0.073370706683761 0.068273854760832364 -0.12232880773399302 0.016698708134185836 -0.11830883697757599 -0.021670221317208416 -0.084331096552034523 -0.1221521429553718 -0.13198419321366828 -0.062263329033442005 -0.1243440166629739 0.081189614048753356 0.045108950902374545 -0.048970172517101673 -0.070701079908985776 0.10000469133041179 0.045552338947288717 -0.11443855557615734 -0.090620498205510103 0.14909259235724903 -0.022230868150302285 -0.033469805385522022 0.031052095464929153 0.069566365151104037 -0.051606268240902864 0.073619351406080114 -0.13424234901538057 0.047687481716195634 -0.071061808991203179 0.09563114913854065 0.071602144994017181 0.11288268022730108 -0.027081450627349568 -0.032447670684859986 -0.051614774306045774 0.074263246994405563 -0.070756873162736156 0.12976480429230719
 0.030554900858732026 -0.12175476033948485 -0.070496369753982435 -0.12170854614365112 -0.11169463483952313 -0.13493411379585041 -0.032352362600533979 0.06727862275863572 0.26711305513555317 0.16326669484706713 0.038974803401032432 -0.10467558038848779 0.018912606528431297 0.031609929982437279 0.033379910893529541 0.013292500341208324 0.19078224768867358 0.1513400892174559 0.18717733796648872 -0.036610785640334598 0.069759474770592078 -0.063632849101651345 -0.10123569547357647 -0.0082933822889685871 0.26250159175955901 -0.14008280594063649 -0.086397133733072451 0.065242735637895066 -0.01436988111510118 -0.12432365104950804 0.16014577348252601 -0.029722872078650653 -0.13893321013546256 -0.19366725667390483 -0.1044973818366941 -0.17216849215341767 -0.11794479144748493 -0.06411721047248875 -0.065847982637279756 0.16504234018449893 -0.34091962648001584 0.14907300377107902 0.08749870054620601 0.17690727963781683 0.11927482467632444 -0.068262779910895688 -0.101967524876585 0.22317494345642785


# name: omc_3
# type: matrix
# rows: 3
# columns: 1
 1.1017562810151664
 2.7256386123021614
 -0.19688402412354797


# name: Rc_3
# type: matrix
# rows: 3
# columns: 3
 -0.70404163246902951 0.69818646176884247 0.1298500841472533
 0.67227650456005117 0.71417093670784093 -0.19494659416969828
 -0.22884422904426388 -0.049955357716167811 -0.97218042619083123


# name: Tc_3
# type: matrix
# rows: 3
# columns: 1
 14.854519962450201
 -140.17076374960658
 524.21922832166786


# name: omc_error_3
# type: matrix
# rows: 3
# columns: 1
 0.0081621330337922297
 0.01730204499882021
 0.026375148028902222


# name: Tc_error_3
# type: matrix
# rows: 3
# columns: 1
 8.2560718444875789
 13.565260469057723
 18.817694714891836


# name: H_3
# type: matrix
# rows: 3
# columns: 3
 -0.6996966756809343 0.5303870562019557 321.43174755564962
 0.43767416516993762 0.54694775233088655 111.03736963213653
 -0.00043654298942243688 -9.529478320759829e-05 1


# name: n_sq_x_3
# type: scalar
7


# name: n_sq_y_3
# type: scalar
5


# name: wintx_3
# type: scalar
5


# name: winty_3
# type: scalar
5


# name: dX_3
# type: scalar
30


# name: dY_3
# type: scalar
30


# name: X_4
# type: matrix
# rows: 3
# columns: 48
 0 30 60 90 120 150 180 210 0 30 60 90 120 150 180 210 0 30 60 90 120 150 180 210 0 30 60 90 120 150 180 210 0 30 60 90 120 150 180 210 0 30 60 90 120 150 180 210
 150 150 150 150 150 150 150 150 120 120 120 120 120 120 120 120 90 90 90 90 90 90 90 90 60 60 60 60 60 60 60 60 30 30 30 30 30 30 30 30 0 0 0 0 0 0 0 0
 0 0 0 0 0 0 0 0 0 0 0 0 0 0 0 0 0 0 0 0 0 0 0 0 0 0 0 0 0 0 0 0 0 0 0 0 0 0 0 0 0 0 0 0 0 0 0 0


# name: x_4
# type: matrix
# rows: 2
# columns: 48
 335.80530127677639 333.65180597399211 331.71011222156648 329.54293721390485 326.87727605378205 324.6384855158455 322.50903970846775 320.03228644510654 317.94837887837286 315.70185588242947 313.41492770721652 310.56005104232463 308.25468083397726 305.77030184767028 303.13738119178373 299.90251032544961 300.55529884269771 298.37779929900893 295.80596373039924 293.27618022760208 290.1826408043957 286.87218588814835 283.62715739415739 280.19626396398542 284.57643015320343 281.56941236160424 278.73705016589622 276.2746396128129 272.62452845461399 269.44179361939774 266.49027064141768 261.90573682837538 269.01674136252507 266.11928140849602 263.47790277869592 260.258529714367 256.57479829418082 253.29494264817563 249.07099423784044 246.04755267324069 254.28216548000174 252.06263384984538 248.60921426811109 245.47340868782965 241.81227229150451 237.9049664622259 233.61646640098792 230.08907924020878
 88.858779034261758 107.30139376916142 126.25561629555949 146.18033768396455 167.06515292972921 188.90329306878724 211.94114103493015 236.03999627949793 97.692906082068603 115.53905370272064 134.12139076339659 153.20905902091917 173.86623677273383 195.17563885793311 217.13636834180824 240.39102555846117 104.94640514620821 122.49621310903325 140.71358111754964 159.55935875513418 179.40296526068306 199.55677333257759 220.88538937415191 243.43562456078141 112.15248866476227 128.65162169245534 146.53634855733702 165.41172765990828 184.21135168382332 204.25676091208945 225.27672535223871 246.56188976591454 118.33892627983053 135.0579407634668 152.63898157105749 170.49537902427909 189.11326897169872 208.35181373710597 228.7188563525439 249.97773933974295 124.49936775412236 140.94166433211609 158.34896194885852 175.79995999656052 194.05862584859358 212.70340742158157 232.24227507841849 252.90381062029354


# name: y_4
# type: matrix
# rows: 2
# columns: 48
 335.84929079107934 333.91580179847517 331.88270823425637 329.75010035371275 327.51596376731635 325.17554909161646 322.72073459781933 320.13948043264367 317.66913365560941 315.42311330147061 313.07605901554956 310.62299459217121 308.05637462873807 305.36569471139694 302.5372515317726 299.55421562326148 300.58916616672713 298.07763108397978 295.46069522152811 292.72933807829736 289.87183633368403 286.87362812167657 283.71745157198944 280.3839612192217 284.50980328740712 281.76733907403246 278.91340736002172 275.93596333067501 272.82038806280565 269.54960781819597 266.10458487429673 262.46540788918446 269.33920041244596 266.39226472143127 263.32712393426857 260.12967612704188 256.78357323513131 253.27058638901136 249.57141730993607 245.66719633632317 254.99561874819793 251.8655132760083 248.61060866408545 245.2156296341997 241.66352695360303 237.93607275977064 234.01495731580383 229.883631895489
 89.218630359280326 107.56268635787775 126.71822467903897 146.69741008837042 167.53187670144956 189.27714293383707 212.01632133537689 235.86187830175805 97.239087021663863 115.17612976740148 133.85914075765561 153.30619387692536 173.55342331893155 194.65844150189594 216.7028997410815 239.79306793191375 104.76030411456817 122.28960657515175 140.51252623154716 159.45181448995049 179.14669204458019 199.65537263254774 221.05661530047053 243.44928857641787 111.81685021555188 128.94622732521213 146.72684414976055 165.18492824459202 184.36148554472146 204.31403609065578 225.11729835586252 246.86190180920232 118.44697641623932 135.18913637036218 152.54761566440231 170.55100302226856 189.24093881287681 208.67316623405131 228.91748076544363 250.05574470912674 124.68868752860315 141.05880359729468 158.0158178478377 175.58968234920172 193.82168693663928 212.76492322478106 232.48362114621622 253.05060409990679


# name: ex_4
# type: matrix
# rows: 2
# columns: 48
 -0.043989514302950283 -0.26399582448306091 -0.172596012689894 -0.20716313980790346 -0.63868771353429565 -0.53706357577095787 -0.21169488935157688 -0.10719398753712994 0.27924522276344987 0.27874258095886262 0.33886869166695988 -0.062943549846579572 0.19830620523919151 0.40460713627334144 0.60012966001113455 0.3482947021881273 -0.033867324029415613 0.30016821502914581 0.34526850887112914 0.54684214930472308 0.31080447071167328 -0.0014422335282233689 -0.090294177832049627 -0.18769725523628722 0.066626865796308721 -0.19792671242822735 -0.17635719412550088 0.33867628213789658 -0.19585960819165393 -0.10781419879822352 0.38568576712094682 -0.55967106080908025 -0.32245904992089436 -0.2729833129352528 0.15077884442735012 0.12885358732512486 -0.20877494095049087 0.024356259164278526 -0.50042307209562864 0.38035633691751514 -0.71345326819619004 0.1971205738370827 -0.001394395974358531 0.25777905362994602 0.14874533790148803 -0.031106297544738482 -0.39849091481590904 0.20544734471977222
 -0.35985132501856754 -0.26129258871632999 -0.46260838347947697 -0.51707240440586588 -0.4667237717203534 -0.37384986504983431 -0.075180300446731962 0.17811797773987337 0.45381906040474007 0.36292393531915934 0.2622500057409809 -0.097134856006192649 0.31281345380227776 0.51719735603717254 0.43346860072674076 0.59795762654741225 0.18610103164003533 0.20660653388149797 0.20105488600248123 0.10754426518369087 0.25627321610286913 -0.098599299970146603 -0.17122592631861266 -0.01366401563646491 0.33563844921039276 -0.29460563275679874 -0.19049559242353098 0.22679941531626469 -0.15013386089813707 -0.057275178566328577 0.15942699637619739 -0.30001204328777931 -0.10805013640879224 -0.13119560689537479 0.091365906655170193 -0.055623997989471263 -0.12766984117808988 -0.32135249694533741 -0.19862441289973276 -0.078005369383788548 -0.18931977448079351 -0.11713926517859363 0.33314410102082093 0.21027764735879373 0.23693891195429728 -0.061515803199483798 -0.24134606779773549 -0.14679347961325107


# name: omc_4
# type: matrix
# rows: 3
# columns: 1
 -1.9799784423733851
 -1.906848729609556
 1.1470104207627498


# name: Rc_4
# type: matrix
# rows: 3
# columns: 3
 -0.10885409571197258 0.78297553018364829 -0.61245416561597799
 0.90795724533012567 -0.17250561008614362 -0.38191027106028141
 -0.40467817645538895 -0.59765469430302509 -0.69213036335527045


# name: Tc_4
# type: matrix
# rows: 3
# columns: 1
 -82.680728397235569
 -149.75150981287541
 645.56989698890709


# name: omc_error_4
# type: matrix
# rows: 3
# columns: 1
 0.019180023233470189
 0.014393087579840019
 0.035014155459645674


# name: Tc_error_4
# type: matrix
# rows: 3
# columns: 1
 10.376022736086655
 17.038957812686029
 20.897505328316896


# name: H_4
# type: matrix
# rows: 3
# columns: 3
 -0.26490641760928418 0.22330450746143823 255.68043898712585
 0.44703727544287297 -0.31747083235206947 125.80963118037238
 -0.00062685416148259871 -0.00092577844334227786 1


# name: n_sq_x_4
# type: scalar
7


# name: n_sq_y_4
# type: scalar
5


# name: wintx_4
# type: scalar
5


# name: winty_4
# type: scalar
5


# name: dX_4
# type: scalar
30


# name: dY_4
# type: scalar
30


# name: X_5
# type: matrix
# rows: 3
# columns: 48
 0 30 60 90 120 150 180 210 0 30 60 90 120 150 180 210 0 30 60 90 120 150 180 210 0 30 60 90 120 150 180 210 0 30 60 90 120 150 180 210 0 30 60 90 120 150 180 210
 150 150 150 150 150 150 150 150 120 120 120 120 120 120 120 120 90 90 90 90 90 90 90 90 60 60 60 60 60 60 60 60 30 30 30 30 30 30 30 30 0 0 0 0 0 0 0 0
 0 0 0 0 0 0 0 0 0 0 0 0 0 0 0 0 0 0 0 0 0 0 0 0 0 0 0 0 0 0 0 0 0 0 0 0 0 0 0 0 0 0 0 0 0 0 0 0


# name: x_5
# type: matrix
# rows: 2
# columns: 48
 380.81070564499089 376.50337780391567 372.27647981381898 367.35369233961933 362.69152840085059 357.57653776786202 352.54276094634577 347.31873607413394 350.30047765256012 345.53085045469379 340.44983094608523 335.31679468530734 330.02740670714223 324.57913392728568 318.73845525187545 312.63995544749969 320.41929085570405 315.15866660804335 309.68137620022389 304.25029510778324 298.21835987152457 292.16150892100171 285.61285815793457 278.68342069422499 291.08151224379264 285.3883392187962 279.48245683477614 273.55517013678661 267.0767842151252 260.42839224389553 253.74059677142515 245.80658954175948 262.23640119366593 256.28577692192135 250.25316317901712 243.52003826340095 236.43297900644691 229.3917473744014 221.62368799916948 214.38143337576525 233.99983289680952 228.13445026280942 221.31068938755286 214.41640527542438 206.80753201368279 199.20770237156478 190.62939679301752 182.89629198301648
 111.09808235550928 138.47961438217635 166.77759856235522 196.54645030369176 227.58088313108266 259.46749379361438 293.22242861402731 328.57440948244874 108.88045272029566 136.00301527396778 164.2776452126846 193.12241223619193 223.53666941588693 254.90430399242541 287.83344733076461 322.27931409129133 105.95418797498972 132.75979262641337 160.68273563347876 189.40937959906302 219.37357087684026 250.07227686370928 282.44572537455718 316.35399051583289 103.26996079881302 129.29354547956484 156.69920214574694 185.61187218433182 214.56093717494923 244.91019595756481 277.26076919105986 310.27528907720006 100.38002138126463 126.07588537188489 153.46059842673276 181.43221016514167 210.40757801266474 240.64019345012753 271.9084076705181 304.800559000455 97.150017055896768 123.52510881337474 150.34884395936581 177.73244418982949 206.75110376710967 236.24966437364441 267.0769875164404 299.34464857204563


# name: y_5
# type: matrix
# rows: 2
# columns: 48
 380.8242237432047 376.55276594958445 372.09123323813731 367.47028469995064 362.70130809178244 357.77365841395459 352.65339606662826 347.28484577989752 350.204032741155 345.43995372854454 340.48863845622662 335.35775830861894 330.03846561534476 324.50583468329893 318.72217802394283 312.64504625794035 320.30537933894959 315.09810041952352 309.69638934771933 304.08691529081722 298.24272115958797 292.12658444453183 285.69843907524705 278.92906377449458 291.07464299980654 285.44065775214813 279.59976204915949 273.52113599132383 267.16377752086561 260.48263676137816 253.43986021810156 246.0236789713814 262.45945666644286 256.39190538215041 250.10419914883968 243.55272398905063 236.6879655716549 229.46336524045023 221.85023546880038 213.86154524765482 234.44042499290396 227.91971712260181 221.1693749511935 214.13861682544075 206.77607505342843 199.041385681279 190.92371472002759 182.47026714719252
 111.00227162959585 138.70807340541745 167.39549630896894 197.07362125438158 227.83186936425037 259.82561222811103 293.2396479735217 328.21671756966026 108.31824497869299 135.66768238890617 163.94277225524144 193.15874982100519 223.40934160105206 254.85389575648477 287.68427403323199 322.0599105699261 105.63972547613375 132.62211974093776 160.49806926813011 189.28568700412234 219.07747168094184 250.02795386519009 282.3225348655123 316.1169301316076 102.95013630295794 129.55872026878109 157.04929932850254 185.4400829503162 214.8178030620347 245.32510798312794 277.13021988400249 310.36909617096444 100.26281696133715 126.48988246659299 153.6039412765613 181.62074931362079 210.6173391493017 240.71857733815631 272.06677618138843 304.76528820275325 97.617053698072823 123.45070660052284 150.18864231102947 177.84167608219528 206.47355643452227 236.18624409714943 267.08881971168819 299.2415243286203


# name: ex_5
# type: matrix
# rows: 2
# columns: 48
 -0.013518098213808116 -0.04938814566878591 0.18524657568167413 -0.11659236033131037 -0.0097796909318503822 -0.19712064609257141 -0.11063512028249534 0.03389029423641432 0.096444911405114908 0.090896726149253482 -0.038807510141396051 -0.04096362331159753 -0.011058908202528528 0.073299243986753027 0.016277227932619098 -0.0050908104406630628 0.11391151675445599 0.060566188519828756 -0.015013147495437806 0.1633798169660281 -0.024361288063403208 0.034924476469882393 -0.085580917312483962 -0.2456430802695877 0.0068692439861024468 -0.05231853335192227 -0.11730521438335018 0.034034145462783272 -0.086993305740406868 -0.054244517482629817 0.3007365533235884 -0.21708942962192168 -0.22305547277693449 -0.10612846022905842 0.14896403017743864 -0.032685725649685082 -0.2549865652079859 -0.071617866048825363 -0.22654746963090133 0.51988812811043772 -0.44059209609443428 0.21473314020761336 0.1413144363593517 0.27778844998363184 0.031456960254359956 0.16631669028578244 -0.29431792701006998 0.42602483582396644
 0.095810725913423767 -0.22845902324110057 -0.61789774661372121 -0.52717095068982189 -0.25098623316770841 -0.35811843449664593 -0.017219359494390574 0.35769191278848211 0.56220774160267695 0.33533288506160375 0.33487295744316725 -0.036337584813253443 0.12732781483487088 0.050408235940636814 0.1491732975326272 0.21940352136522279 0.3144624988559741 0.13767288547560952 0.18466636534864733 0.12369259494067819 0.29609919589842093 0.04432299851919197 0.12319050904488904 0.23706038422528763 0.31982449585507311 -0.26517478921624615 -0.35009718275560431 0.17178923401561974 -0.25686588708546765 -0.41491202556312601 0.13054930705737888 -0.093807093764382898 0.1172044199274751 -0.41399709470809398 -0.14334284982854228 -0.18853914847912279 -0.20976113663695628 -0.078383888028781712 -0.1583685108703321 0.035270797701741685 -0.46703664217605478 0.074402212851907734 0.16020164833633999 -0.10923189236578423 0.27754733258740316 0.063420276494980499 -0.011832195247791333 0.10312424342532722


# name: omc_5
# type: matrix
# rows: 3
# columns: 1
 1.9538823783220964
 2.2972807891934779
 -0.46905151147930046


# name: Rc_5
# type: matrix
# rows: 3
# columns: 3
 -0.1779721662334669 0.97553192169709846 -0.12908670650432291
 0.94805415176887486 0.13483391456541149 -0.28812001110087176
 -0.26366500215228861 -0.17365853055042624 -0.94885377240494762


# name: Tc_5
# type: matrix
# rows: 3
# columns: 1
 -76.903653385783301
 -129.14740736410758
 437.51955593242735


# name: omc_error_5
# type: matrix
# rows: 3
# columns: 1
 0.0088680792023393112
 0.016590473857512094
 0.027575043696871016


# name: Tc_error_5
# type: matrix
# rows: 3
# columns: 1
 6.9221453064761906
 11.264159608027487
 16.026253308246059


# name: H_5
# type: matrix
# rows: 3
# columns: 3
 -0.35752656873115518 0.8144551680289801 235.62935384874908
 0.76956162666588024 0.040189153335670198 99.447280779438231
 -0.00060263592467398258 -0.00039691604225628466 1


# name: n_sq_x_5
# type: scalar
7


# name: n_sq_y_5
# type: scalar
5


# name: wintx_5
# type: scalar
5


# name: winty_5
# type: scalar
5


# name: dX_5
# type: scalar
30


# name: dY_5
# type: scalar
30


